0 1
0.0002 1
0.0004 1
0.0006 1
0.0008 1
0.001 1
0.0012 1
0.0014 1
0.0016 1
0.0018 1
0.002 1
0.0022 1
0.0024 1
0.0026 1
0.0028 1
0.003 1
0.0032 1
0.0034 1
0.0036 1
0.0038 1
0.004 1
0.0042 1
0.0044 1
0.0046 1
0.0048 1
0.005 1
0.0052 1
0.0054 1
0.0056 1
0.0058 1
0.006 1
0.0062 1
0.0064 1
0.0066 1
0.0068 1
0.007 1
0.0072 1
0.0074 1
0.0076 1
0.0078 1
0.008 1
0.0082 1
0.0084 1
0.0086 1
0.0088 1
0.009 1
0.0092 1
0.0094 1
0.0096 1
0.0098 1
0.01 1
0.0102 1
0.0104 1
0.0106 1
0.0108 1
0.011 1
0.0112 1
0.0114 1
0.0116 1
0.0118 1
0.012 1
0.0122 1
0.0124 1
0.0126 1
0.0128 1
0.013 1
0.0132 1
0.0134 1
0.0136 1
0.0138 1
0.014 1
0.0142 1
0.0144 1
0.0146 1
0.0148 1
0.015 1
0.0152 1
0.0154 1
0.0156 1
0.0158 1
0.016 1
0.0162 1
0.0164 1
0.0166 1
0.0168 1
0.017 1
0.0172 1
0.0174 1
0.0176 1
0.0178 1
0.018 1
0.0182 1
0.0184 1
0.0186 1
0.0188 1
0.019 1
0.0192 1
0.0194 1
0.0196 1
0.0198 1
0.02 1
0.0202 1
0.0204 1
0.0206 1
0.0208 1
0.021 1
0.0212 1
0.0214 1
0.0216 1
0.0218 1
0.022 1
0.0222 1
0.0224 1
0.0226 1
0.0228 1
0.023 1
0.0232 1
0.0234 1
0.0236 1
0.0238 1
0.024 1
0.0242 1
0.0244 1
0.0246 1
0.0248 1
0.025 1
0.0252 1
0.0254 1
0.0256 1
0.0258 1
0.026 1
0.0262 1
0.0264 1
0.0266 1
0.0268 1
0.027 1
0.0272 1
0.0274 1
0.0276 1
0.0278 1
0.028 1
0.0282 1
0.0284 1
0.0286 1
0.0288 1
0.029 1
0.0292 1
0.0294 1
0.0296 1
0.0298 1
0.03 1
0.0302 1
0.0304 1
0.0306 1
0.0308 1
0.031 1
0.0312 1
0.0314 1
0.0316 1
0.0318 1
0.032 1
0.0322 1
0.0324 1
0.0326 1
0.0328 1
0.033 1
0.0332 1
0.0334 1
0.0336 1
0.0338 1
0.034 1
0.0342 1
0.0344 1
0.0346 1
0.0348 1
0.035 1
0.0352 1
0.0354 1
0.0356 1
0.0358 1
0.036 1
0.0362 1
0.0364 1
0.0366 1
0.0368 1
0.037 1
0.0372 1
0.0374 1
0.0376 1
0.0378 1
0.038 1
0.0382 1
0.0384 1
0.0386 1
0.0388 1
0.039 1
0.0392 1
0.0394 1
0.0396 1
0.0398 1
0.04 1
0.0402 1
0.0404 1
0.0406 1
0.0408 1
0.041 1
0.0412 1
0.0414 1
0.0416 1
0.0418 1
0.042 1
0.0422 1
0.0424 1
0.0426 1
0.0428 1
0.043 1
0.0432 1
0.0434 1
0.0436 1
0.0438 1
0.044 1
0.0442 1
0.0444 1
0.0446 1
0.0448 1
0.045 1
0.0452 1
0.0454 1
0.0456 1
0.0458 1
0.046 1
0.0462 1
0.0464 1
0.0466 1
0.0468 1
0.047 1
0.0472 1
0.0474 1
0.0476 1
0.0478 1
0.048 1
0.0482 1
0.0484 1
0.0486 1
0.0488 1
0.049 1
0.0492 1
0.0494 1
0.0496 1
0.0498 1
0.05 1
0.0502 1
0.0504 1
0.0506 1
0.0508 1
0.051 1
0.0512 1
0.0514 1
0.0516 1
0.0518 1
0.052 1
0.0522 1
0.0524 1
0.0526 1
0.0528 1
0.053 1
0.0532 1
0.0534 1
0.0536 1
0.0538 1
0.054 1
0.0542 1
0.0544 1
0.0546 1
0.0548 1
0.055 1
0.0552 1
0.0554 1
0.0556 1
0.0558 1
0.056 1
0.0562 1
0.0564 1
0.0566 1
0.0568 1
0.057 1
0.0572 1
0.0574 1
0.0576 1
0.0578 1
0.058 1
0.0582 1
0.0584 1
0.0586 1
0.0588 1
0.059 1
0.0592 1
0.0594 1
0.0596 1
0.0598 1
0.06 1
0.0602 1
0.0604 1
0.0606 1
0.0608 1
0.061 1
0.0612 1
0.0614 1
0.0616 1
0.0618 1
0.062 1
0.0622 1
0.0624 1
0.0626 1
0.0628 1
0.063 1
0.0632 1
0.0634 1
0.0636 1
0.0638 1
0.064 1
0.0642 1
0.0644 1
0.0646 1
0.0648 1
0.065 1
0.0652 1
0.0654 1
0.0656 1
0.0658 1
0.066 1
0.0662 1
0.0664 1
0.0666 1
0.0668 1
0.067 1
0.0672 1
0.0674 1
0.0676 1
0.0678 1
0.068 1
0.0682 1
0.0684 1
0.0686 1
0.0688 1
0.069 1
0.0692 1
0.0694 1
0.0696 1
0.0698 1
0.07 1
0.0702 1
0.0704 1
0.0706 1
0.0708 1
0.071 1
0.0712 1
0.0714 1
0.0716 1
0.0718 1
0.072 1
0.0722 1
0.0724 1
0.0726 1
0.0728 1
0.073 1
0.0732 1
0.0734 1
0.0736 1
0.0738 1
0.074 1
0.0742 1
0.0744 1
0.0746 1
0.0748 1
0.075 1
0.0752 1
0.0754 1
0.0756 1
0.0758 1
0.076 1
0.0762 1
0.0764 1
0.0766 1
0.0768 1
0.077 1
0.0772 1
0.0774 1
0.0776 1
0.0778 1
0.078 1
0.0782 1
0.0784 1
0.0786 1
0.0788 1
0.079 1
0.0792 1
0.0794 1
0.0796 1
0.0798 1
0.08 1
0.0802 1
0.0804 1
0.0806 1
0.0808 1
0.081 1
0.0812 1
0.0814 1
0.0816 1
0.0818 1
0.082 1
0.0822 1
0.0824 1
0.0826 1
0.0828 1
0.083 1
0.0832 1
0.0834 1
0.0836 1
0.0838 1
0.084 1
0.0842 1
0.0844 1
0.0846 1
0.0848 1
0.085 1
0.0852 1
0.0854 1
0.0856 1
0.0858 1
0.086 1
0.0862 1
0.0864 1
0.0866 1
0.0868 1
0.087 1
0.0872 1
0.0874 1
0.0876 1
0.0878 1
0.088 1
0.0882 1
0.0884 1
0.0886 1
0.0888 1
0.089 1
0.0892 1
0.0894 1
0.0896 1
0.0898 1
0.09 1
0.0902 1
0.0904 1
0.0906 1
0.0908 1
0.091 1
0.0912 1
0.0914 1
0.0916 1
0.0918 1
0.092 1
0.0922 1
0.0924 1
0.0926 1
0.0928 1
0.093 1
0.0932 1
0.0934 1
0.0936 1
0.0938 1
0.094 1
0.0942 1
0.0944 1
0.0946 1
0.0948 1
0.095 1
0.0952 1
0.0954 1
0.0956 1
0.0958 1
0.096 1
0.0962 1
0.0964 1
0.0966 1
0.0968 1
0.097 1
0.0972 1
0.0974 1
0.0976 1
0.0978 1
0.098 1
0.0982 1
0.0984 1
0.0986 1
0.0988 1
0.099 1
0.0992 1
0.0994 1
0.0996 1
0.0998 1
0.1 1
0.1002 1
0.1004 1
0.1006 1
0.1008 1
0.101 1
0.1012 1
0.1014 1
0.1016 1
0.1018 1
0.102 1
0.1022 1
0.1024 1
0.1026 1
0.1028 1
0.103 1
0.1032 1
0.1034 1
0.1036 1
0.1038 1
0.104 1
0.1042 1
0.1044 1
0.1046 1
0.1048 1
0.105 1
0.1052 1
0.1054 1
0.1056 1
0.1058 1
0.106 1
0.1062 1
0.1064 1
0.1066 1
0.1068 1
0.107 1
0.1072 1
0.1074 1
0.1076 1
0.1078 1
0.108 1
0.1082 1
0.1084 1
0.1086 1
0.1088 1
0.109 1
0.1092 1
0.1094 1
0.1096 1
0.1098 1
0.11 1
0.1102 1
0.1104 1
0.1106 1
0.1108 1
0.111 1
0.1112 1
0.1114 1
0.1116 1
0.1118 1
0.112 1
0.1122 1
0.1124 1
0.1126 1
0.1128 1
0.113 1
0.1132 1
0.1134 1
0.1136 1
0.1138 1
0.114 1
0.1142 1
0.1144 1
0.1146 1
0.1148 1
0.115 1
0.1152 1
0.1154 1
0.1156 1
0.1158 1
0.116 1
0.1162 1
0.1164 1
0.1166 1
0.1168 1
0.117 1
0.1172 1
0.1174 1
0.1176 1
0.1178 1
0.118 1
0.1182 1
0.1184 1
0.1186 1
0.1188 1
0.119 1
0.1192 1
0.1194 1
0.1196 1
0.1198 1
0.12 1
0.1202 1
0.1204 1
0.1206 1
0.1208 1
0.121 1
0.1212 1
0.1214 1
0.1216 1
0.1218 1
0.122 1
0.1222 1
0.1224 1
0.1226 1
0.1228 1
0.123 1
0.1232 1
0.1234 1
0.1236 1
0.1238 1
0.124 1
0.1242 1
0.1244 1
0.1246 1
0.1248 1
0.125 1
0.1252 1
0.1254 1
0.1256 1
0.1258 1
0.126 1
0.1262 1
0.1264 1
0.1266 1
0.1268 1
0.127 1
0.1272 1
0.1274 1
0.1276 1
0.1278 1
0.128 1
0.1282 1
0.1284 1
0.1286 1
0.1288 1
0.129 1
0.1292 1
0.1294 1
0.1296 1
0.1298 1
0.13 1
0.1302 1
0.1304 1
0.1306 1
0.1308 1
0.131 1
0.1312 1
0.1314 1
0.1316 1
0.1318 1
0.132 1
0.1322 1
0.1324 1
0.1326 1
0.1328 1
0.133 1
0.1332 1
0.1334 1
0.1336 1
0.1338 1
0.134 1
0.1342 1
0.1344 1
0.1346 1
0.1348 1
0.135 1
0.1352 1
0.1354 1
0.1356 1
0.1358 1
0.136 1
0.1362 1
0.1364 1
0.1366 1
0.1368 1
0.137 1
0.1372 1
0.1374 1
0.1376 1
0.1378 1
0.138 1
0.1382 1
0.1384 1
0.1386 1
0.1388 1
0.139 1
0.1392 1
0.1394 1
0.1396 1
0.1398 1
0.14 1
0.1402 1
0.1404 1
0.1406 1
0.1408 1
0.141 1
0.1412 1
0.1414 1
0.1416 1
0.1418 1
0.142 1
0.1422 1
0.1424 1
0.1426 1
0.1428 1
0.143 1
0.1432 1
0.1434 1
0.1436 1
0.1438 1
0.144 1
0.1442 1
0.1444 1
0.1446 1
0.1448 1
0.145 1
0.1452 1
0.1454 1
0.1456 1
0.1458 1
0.146 1
0.1462 1
0.1464 1
0.1466 1
0.1468 1
0.147 1
0.1472 1
0.1474 1
0.1476 1
0.1478 1
0.148 1
0.1482 1
0.1484 1
0.1486 1
0.1488 1
0.149 1
0.1492 1
0.1494 1
0.1496 1
0.1498 1
0.15 1
0.1502 1
0.1504 1
0.1506 1
0.1508 1
0.151 1
0.1512 1
0.1514 1
0.1516 1
0.1518 1
0.152 1
0.1522 1
0.1524 1
0.1526 1
0.1528 1
0.153 1
0.1532 1
0.1534 1
0.1536 1
0.1538 1
0.154 1
0.1542 1
0.1544 1
0.1546 1
0.1548 1
0.155 1
0.1552 1
0.1554 1
0.1556 1
0.1558 1
0.156 1
0.1562 1
0.1564 1
0.1566 1
0.1568 1
0.157 1
0.1572 1
0.1574 1
0.1576 1
0.1578 1
0.158 1
0.1582 1
0.1584 1
0.1586 1
0.1588 1
0.159 1
0.1592 1
0.1594 1
0.1596 1
0.1598 1
0.16 1
0.1602 1
0.1604 1
0.1606 1
0.1608 1
0.161 1
0.1612 1
0.1614 1
0.1616 1
0.1618 1
0.162 1
0.1622 1
0.1624 1
0.1626 1
0.1628 1
0.163 1
0.1632 1
0.1634 1
0.1636 1
0.1638 1
0.164 1
0.1642 1
0.1644 1
0.1646 1
0.1648 1
0.165 1
0.1652 1
0.1654 1
0.1656 1
0.1658 1
0.166 1
0.1662 1
0.1664 1
0.1666 1
0.1668 1
0.167 1
0.1672 1
0.1674 1
0.1676 1
0.1678 1
0.168 1
0.1682 1
0.1684 1
0.1686 1
0.1688 1
0.169 1
0.1692 1
0.1694 1
0.1696 1
0.1698 1
0.17 1
0.1702 1
0.1704 1
0.1706 1
0.1708 1
0.171 1
0.1712 1
0.1714 1
0.1716 1
0.1718 1
0.172 1
0.1722 1
0.1724 1
0.1726 1
0.1728 1
0.173 1
0.1732 1
0.1734 1
0.1736 1
0.1738 1
0.174 1
0.1742 1
0.1744 1
0.1746 1
0.1748 1
0.175 1
0.1752 1
0.1754 1
0.1756 1
0.1758 1
0.176 1
0.1762 1
0.1764 1
0.1766 1
0.1768 1
0.177 1
0.1772 1
0.1774 1
0.1776 1
0.1778 1
0.178 1
0.1782 1
0.1784 1
0.1786 1
0.1788 1
0.179 1
0.1792 1
0.1794 1
0.1796 1
0.1798 1
0.18 1
0.1802 1
0.1804 1
0.1806 1
0.1808 1
0.181 1
0.1812 1
0.1814 1
0.1816 1
0.1818 1
0.182 1
0.1822 1
0.1824 1
0.1826 1
0.1828 1
0.183 1
0.1832 1
0.1834 1
0.1836 1
0.1838 1
0.184 1
0.1842 1
0.1844 1
0.1846 1
0.1848 1
0.185 1
0.1852 1
0.1854 1
0.1856 1
0.1858 1
0.186 1
0.1862 1
0.1864 1
0.1866 1
0.1868 1
0.187 1
0.1872 1
0.1874 1
0.1876 1
0.1878 1
0.188 1
0.1882 1
0.1884 1
0.1886 1
0.1888 1
0.189 1
0.1892 1
0.1894 1
0.1896 1
0.1898 1
0.19 1
0.1902 1
0.1904 1
0.1906 1
0.1908 1
0.191 1
0.1912 1
0.1914 1
0.1916 1
0.1918 1
0.192 1
0.1922 1
0.1924 1
0.1926 1
0.1928 1
0.193 1
0.1932 1
0.1934 1
0.1936 1
0.1938 1
0.194 1
0.1942 1
0.1944 1
0.1946 1
0.1948 1
0.195 1
0.1952 1
0.1954 1
0.1956 1
0.1958 1
0.196 1
0.1962 1
0.1964 1
0.1966 1
0.1968 1
0.197 1
0.1972 1
0.1974 1
0.1976 1
0.1978 1
0.198 1
0.1982 1
0.1984 1
0.1986 1
0.1988 1
0.199 1
0.1992 1
0.1994 1
0.1996 1
0.1998 1
0.2 1
0.2002 1
0.2004 1
0.2006 1
0.2008 1
0.201 1
0.2012 1
0.2014 1
0.2016 1
0.2018 1
0.202 1
0.2022 1
0.2024 1
0.2026 1
0.2028 1
0.203 1
0.2032 1
0.2034 1
0.2036 1
0.2038 1
0.204 1
0.2042 1
0.2044 1
0.2046 1
0.2048 1
0.205 1
0.2052 1
0.2054 1
0.2056 1
0.2058 1
0.206 1
0.2062 1
0.2064 1
0.2066 1
0.2068 1
0.207 1
0.2072 1
0.2074 1
0.2076 1
0.2078 1
0.208 1
0.2082 1
0.2084 1
0.2086 1
0.2088 1
0.209 1
0.2092 1
0.2094 1
0.2096 1
0.2098 1
0.21 1
0.2102 1
0.2104 1
0.2106 1
0.2108 1
0.211 1
0.2112 1
0.2114 1
0.2116 1
0.2118 1
0.212 1
0.2122 1
0.2124 1
0.2126 1
0.2128 1
0.213 1
0.2132 1
0.2134 1
0.2136 1
0.2138 1
0.214 1
0.2142 1
0.2144 1
0.2146 1
0.2148 1
0.215 1
0.2152 1
0.2154 1
0.2156 1
0.2158 1
0.216 1
0.2162 1
0.2164 1
0.2166 1
0.2168 1
0.217 1
0.2172 1
0.2174 1
0.2176 1
0.2178 1
0.218 1
0.2182 1
0.2184 1
0.2186 1
0.2188 1
0.219 1
0.2192 1
0.2194 1
0.2196 1
0.2198 1
0.22 1
0.2202 1
0.2204 1
0.2206 1
0.2208 1
0.221 1
0.2212 1
0.2214 1
0.2216 1
0.2218 1
0.222 1
0.2222 1
0.2224 1
0.2226 1
0.2228 1
0.223 1
0.2232 1
0.2234 1
0.2236 1
0.2238 1
0.224 1
0.2242 1
0.2244 1
0.2246 1
0.2248 1
0.225 1
0.2252 1
0.2254 1
0.2256 1
0.2258 1
0.226 1
0.2262 1
0.2264 1
0.2266 1
0.2268 1
0.227 1
0.2272 1
0.2274 1
0.2276 1
0.2278 1
0.228 1
0.2282 1
0.2284 1
0.2286 1
0.2288 1
0.229 1
0.2292 1
0.2294 1
0.2296 1
0.2298 1
0.23 1
0.2302 1
0.2304 1
0.2306 1
0.2308 1
0.231 1
0.2312 1
0.2314 1
0.2316 1
0.2318 1
0.232 1
0.2322 1
0.2324 1
0.2326 1
0.2328 1
0.233 1
0.2332 1
0.2334 1
0.2336 1
0.2338 1
0.234 1
0.2342 1
0.2344 1
0.2346 1
0.2348 1
0.235 1
0.2352 1
0.2354 1
0.2356 1
0.2358 1
0.236 1
0.2362 1
0.2364 1
0.2366 1
0.2368 1
0.237 1
0.2372 1
0.2374 1
0.2376 1
0.2378 1
0.238 1
0.2382 1
0.2384 1
0.2386 1
0.2388 1
0.239 1
0.2392 1
0.2394 1
0.2396 1
0.2398 1
0.24 1
0.2402 1
0.2404 1
0.2406 1
0.2408 1
0.241 1
0.2412 1
0.2414 1
0.2416 1
0.2418 1
0.242 1
0.2422 1
0.2424 1
0.2426 1
0.2428 1
0.243 1
0.2432 1
0.2434 1
0.2436 1
0.2438 1
0.244 1
0.2442 1
0.2444 1
0.2446 1
0.2448 1
0.245 1
0.2452 1
0.2454 1
0.2456 1
0.2458 1
0.246 1
0.2462 1
0.2464 1
0.2466 1
0.2468 1
0.247 1
0.2472 1
0.2474 1
0.2476 1
0.2478 1
0.248 1
0.2482 1
0.2484 1
0.2486 1
0.2488 1
0.249 1
0.2492 1
0.2494 1
0.2496 1
0.2498 1
0.25 1
0.2502 1
0.2504 1
0.2506 1
0.2508 1
0.251 1
0.2512 1
0.2514 1
0.2516 1
0.2518 1
0.252 1
0.2522 1
0.2524 1
0.2526 1
0.2528 1
0.253 1
0.2532 1
0.2534 1
0.2536 1
0.2538 1
0.254 1
0.2542 1
0.2544 1
0.2546 1
0.2548 1
0.255 1
0.2552 1
0.2554 1
0.2556 1
0.2558 1
0.256 1
0.2562 1
0.2564 1
0.2566 1
0.2568 1
0.257 1
0.2572 1
0.2574 1
0.2576 1
0.2578 1
0.258 1
0.2582 1
0.2584 1
0.2586 1
0.2588 1
0.259 1
0.2592 1
0.2594 1
0.2596 1
0.2598 1
0.26 1
0.2602 1
0.2604 1
0.2606 1
0.2608 1
0.261 1
0.2612 1
0.2614 1
0.2616 1
0.2618 1
0.262 1
0.2622 1
0.2624 1
0.2626 1
0.2628 1
0.263 1
0.2632 1
0.2634 1
0.2636 1
0.2638 1
0.264 1
0.2642 1
0.2644 1
0.2646 1
0.2648 1
0.265 1
0.2652 1
0.2654 1
0.2656 1
0.2658 1
0.266 1
0.2662 1
0.2664 1
0.2666 1
0.2668 1
0.267 1
0.2672 1
0.2674 1
0.2676 1
0.2678 1
0.268 1
0.2682 1
0.2684 1
0.2686 1
0.2688 1
0.269 1
0.2692 1
0.2694 1
0.2696 1
0.2698 1
0.27 1
0.2702 1
0.2704 1
0.2706 1
0.2708 1
0.271 1
0.2712 1
0.2714 1
0.2716 1
0.2718 1
0.272 1
0.2722 1
0.2724 1
0.2726 1
0.2728 1
0.273 1
0.2732 1
0.2734 1
0.2736 1
0.2738 1
0.274 1
0.2742 1
0.2744 1
0.2746 1
0.2748 1
0.275 1
0.2752 1
0.2754 1
0.2756 1
0.2758 1
0.276 1
0.2762 1
0.2764 1
0.2766 1
0.2768 1
0.277 1
0.2772 1
0.2774 1
0.2776 1
0.2778 1
0.278 1
0.2782 1
0.2784 1
0.2786 1
0.2788 1
0.279 1
0.2792 1
0.2794 1
0.2796 1
0.2798 1
0.28 1
0.2802 1
0.2804 1
0.2806 1
0.2808 1
0.281 1
0.2812 1
0.2814 1
0.2816 1
0.2818 1
0.282 1
0.2822 1
0.2824 1
0.2826 1
0.2828 1
0.283 1
0.2832 1
0.2834 1
0.2836 1
0.2838 1
0.284 1
0.2842 1
0.2844 1
0.2846 1
0.2848 1
0.285 1
0.2852 1
0.2854 1
0.2856 1
0.2858 1
0.286 1
0.2862 1
0.2864 1
0.2866 1
0.2868 1
0.287 1
0.2872 1
0.2874 1
0.2876 1
0.2878 1
0.288 1
0.2882 1
0.2884 1
0.2886 1
0.2888 1
0.289 1
0.2892 1
0.2894 1
0.2896 1
0.2898 1
0.29 1
0.2902 1
0.2904 1
0.2906 1
0.2908 1
0.291 1
0.2912 1
0.2914 1
0.2916 1
0.2918 1
0.292 1
0.2922 1
0.2924 1
0.2926 1
0.2928 1
0.293 1
0.2932 1
0.2934 1
0.2936 1
0.2938 1
0.294 1
0.2942 1
0.2944 1
0.2946 1
0.2948 1
0.295 1
0.2952 1
0.2954 1
0.2956 1
0.2958 1
0.296 1
0.2962 1
0.2964 1
0.2966 1
0.2968 1
0.297 1
0.2972 1
0.2974 1
0.2976 1
0.2978 1
0.298 1
0.2982 1
0.2984 1
0.2986 1
0.2988 1
0.299 1
0.2992 1
0.2994 1
0.2996 1
0.2998 1
0.3 1
0.3002 1
0.3004 1
0.3006 1
0.3008 1
0.301 1
0.3012 1
0.3014 1
0.3016 1
0.3018 1
0.302 1
0.3022 1
0.3024 1
0.3026 1
0.3028 1
0.303 1
0.3032 1
0.3034 1
0.3036 1
0.3038 1
0.304 1
0.3042 1
0.3044 1
0.3046 1
0.3048 1
0.305 1
0.3052 1
0.3054 1
0.3056 1
0.3058 1
0.306 1
0.3062 1
0.3064 1
0.3066 1
0.3068 1
0.307 1
0.3072 1
0.3074 1
0.3076 1
0.3078 1
0.308 1
0.3082 1
0.3084 1
0.3086 1
0.3088 1
0.309 1
0.3092 1
0.3094 1
0.3096 1
0.3098 1
0.31 1
0.3102 1
0.3104 1
0.3106 1
0.3108 1
0.311 1
0.3112 1
0.3114 1
0.3116 1
0.3118 1
0.312 1
0.3122 1
0.3124 1
0.3126 1
0.3128 1
0.313 1
0.3132 1
0.3134 1
0.3136 1
0.3138 1
0.314 1
0.3142 1
0.3144 1
0.3146 1
0.3148 1
0.315 1
0.3152 1
0.3154 1
0.3156 1
0.3158 1
0.316 1
0.3162 1
0.3164 1
0.3166 1
0.3168 1
0.317 1
0.3172 1
0.3174 1
0.3176 1
0.3178 1
0.318 1
0.3182 1
0.3184 1
0.3186 1
0.3188 1
0.319 1
0.3192 1
0.3194 1
0.3196 1
0.3198 1
0.32 1
0.3202 1
0.3204 1
0.3206 1
0.3208 1
0.321 1
0.3212 1
0.3214 1
0.3216 1
0.3218 1
0.322 1
0.3222 1
0.3224 1
0.3226 1
0.3228 1
0.323 1
0.3232 1
0.3234 1
0.3236 1
0.3238 1
0.324 1
0.3242 1
0.3244 1
0.3246 1
0.3248 1
0.325 1
0.3252 1
0.3254 1
0.3256 1
0.3258 1
0.326 1
0.3262 1
0.3264 1
0.3266 1
0.3268 1
0.327 1
0.3272 1
0.3274 1
0.3276 1
0.3278 1
0.328 1
0.3282 1
0.3284 1
0.3286 1
0.3288 1
0.329 1
0.3292 1
0.3294 1
0.3296 1
0.3298 1
0.33 1
0.3302 1
0.3304 1
0.3306 1
0.3308 1
0.331 1
0.3312 1
0.3314 1
0.3316 1
0.3318 1
0.332 1
0.3322 1
0.3324 1
0.3326 1
0.3328 1
0.333 1
0.3332 1
0.3334 1
0.3336 1
0.3338 1
0.334 1
0.3342 1
0.3344 1
0.3346 1
0.3348 1
0.335 1
0.3352 1
0.3354 1
0.3356 1
0.3358 1
0.336 1
0.3362 1
0.3364 1
0.3366 1
0.3368 1
0.337 1
0.3372 1
0.3374 1
0.3376 1
0.3378 1
0.338 1
0.3382 1
0.3384 1
0.3386 1
0.3388 1
0.339 1
0.3392 1
0.3394 1
0.3396 1
0.3398 1
0.34 1
0.3402 1
0.3404 1
0.3406 1
0.3408 1
0.341 1
0.3412 1
0.3414 1
0.3416 1
0.3418 1
0.342 1
0.3422 1
0.3424 1
0.3426 1
0.3428 1
0.343 1
0.3432 1
0.3434 1
0.3436 1
0.3438 1
0.344 1
0.3442 1
0.3444 1
0.3446 1
0.3448 1
0.345 1
0.3452 1
0.3454 1
0.3456 1
0.3458 1
0.346 1
0.3462 1
0.3464 1
0.3466 1
0.3468 1
0.347 1
0.3472 1
0.3474 1
0.3476 1
0.3478 1
0.348 1
0.3482 1
0.3484 1
0.3486 1
0.3488 1
0.349 1
0.3492 1
0.3494 1
0.3496 1
0.3498 1
0.35 1
0.3502 1
0.3504 1
0.3506 1
0.3508 1
0.351 1
0.3512 1
0.3514 1
0.3516 1
0.3518 1
0.352 1
0.3522 1
0.3524 1
0.3526 1
0.3528 1
0.353 1
0.3532 1
0.3534 1
0.3536 1
0.3538 1
0.354 1
0.3542 1
0.3544 1
0.3546 1
0.3548 1
0.355 1
0.3552 1
0.3554 1
0.3556 1
0.3558 1
0.356 1
0.3562 1
0.3564 1
0.3566 1
0.3568 1
0.357 1
0.3572 1
0.3574 1
0.3576 1
0.3578 1
0.358 1
0.3582 1
0.3584 1
0.3586 1
0.3588 1
0.359 1
0.3592 1
0.3594 1
0.3596 1
0.3598 1
0.36 1
0.3602 1
0.3604 1
0.3606 1
0.3608 1
0.361 1
0.3612 1
0.3614 1
0.3616 1
0.3618 1
0.362 1
0.3622 1
0.3624 1
0.3626 1
0.3628 1
0.363 1
0.3632 1
0.3634 1
0.3636 1
0.3638 1
0.364 1
0.3642 1
0.3644 1
0.3646 1
0.3648 1
0.365 1
0.3652 1
0.3654 1
0.3656 1
0.3658 1
0.366 1
0.3662 1
0.3664 1
0.3666 1
0.3668 1
0.367 1
0.3672 1
0.3674 1
0.3676 1
0.3678 1
0.368 1
0.3682 1
0.3684 1
0.3686 1
0.3688 1
0.369 1
0.3692 1
0.3694 1
0.3696 1
0.3698 1
0.37 1
0.3702 1
0.3704 1
0.3706 1
0.3708 1
0.371 1
0.3712 1
0.3714 1
0.3716 1
0.3718 1
0.372 1
0.3722 1
0.3724 1
0.3726 1
0.3728 1
0.373 1
0.3732 1
0.3734 1
0.3736 1
0.3738 1
0.374 1
0.3742 1
0.3744 1
0.3746 1
0.3748 1
0.375 1
0.3752 1
0.3754 1
0.3756 1
0.3758 1
0.376 1
0.3762 1
0.3764 1
0.3766 1
0.3768 1
0.377 1
0.3772 1
0.3774 1
0.3776 1
0.3778 1
0.378 1
0.3782 1
0.3784 1
0.3786 1
0.3788 1
0.379 1
0.3792 1
0.3794 1
0.3796 1
0.3798 1
0.38 1
0.3802 1
0.3804 1
0.3806 1
0.3808 1
0.381 1
0.3812 1
0.3814 1
0.3816 1
0.3818 1
0.382 1
0.3822 1
0.3824 1
0.3826 1
0.3828 1
0.383 1
0.3832 1
0.3834 1
0.3836 1
0.3838 1
0.384 1
0.3842 1
0.3844 1
0.3846 1
0.3848 1
0.385 1
0.3852 1
0.3854 1
0.3856 1
0.3858 1
0.386 1
0.3862 1
0.3864 1
0.3866 1
0.3868 1
0.387 1
0.3872 1
0.3874 1
0.3876 1
0.3878 1
0.388 1
0.3882 1
0.3884 1
0.3886 1
0.3888 1
0.389 1
0.3892 1
0.3894 1
0.3896 1
0.3898 1
0.39 1
0.3902 1
0.3904 1
0.3906 1
0.3908 1
0.391 1
0.3912 1
0.3914 1
0.3916 1
0.3918 1
0.392 1
0.3922 1
0.3924 1
0.3926 1
0.3928 1
0.393 1
0.3932 1
0.3934 1
0.3936 1
0.3938 1
0.394 1
0.3942 1
0.3944 1
0.3946 1
0.3948 1
0.395 1
0.3952 1
0.3954 1
0.3956 1
0.3958 1
0.396 1
0.3962 1
0.3964 1
0.3966 1
0.3968 1
0.397 1
0.3972 1
0.3974 1
0.3976 1
0.3978 1
0.398 1
0.3982 1
0.3984 1
0.3986 1
0.3988 1
0.399 1
0.3992 1
0.3994 1
0.3996 1
0.3998 1
0.4 1
0.4002 1
0.4004 1
0.4006 1
0.4008 1
0.401 1
0.4012 1
0.4014 1
0.4016 1
0.4018 1
0.402 1
0.4022 1
0.4024 1
0.4026 1
0.4028 1
0.403 1
0.4032 1
0.4034 1
0.4036 1
0.4038 1
0.404 1
0.4042 1
0.4044 1
0.4046 1
0.4048 1
0.405 1
0.4052 1
0.4054 1
0.4056 1
0.4058 1
0.406 1
0.4062 1
0.4064 1
0.4066 1
0.4068 1
0.407 1
0.4072 1
0.4074 1
0.4076 1
0.4078 1
0.408 1
0.4082 1
0.4084 1
0.4086 1
0.4088 1
0.409 1
0.4092 1
0.4094 1
0.4096 1
0.4098 1
0.41 1
0.4102 1
0.4104 1
0.4106 1
0.4108 1
0.411 1
0.4112 1
0.4114 1
0.4116 1
0.4118 1
0.412 1
0.4122 1
0.4124 1
0.4126 1
0.4128 1
0.413 1
0.4132 1
0.4134 1
0.4136 1
0.4138 1
0.414 1
0.4142 1
0.4144 1
0.4146 1
0.4148 1
0.415 1
0.4152 1
0.4154 1
0.4156 1
0.4158 1
0.416 1
0.4162 1
0.4164 1
0.4166 1
0.4168 1
0.417 1
0.4172 1
0.4174 1
0.4176 1
0.4178 1
0.418 1
0.4182 1
0.4184 1
0.4186 1
0.4188 1
0.419 1
0.4192 1
0.4194 1
0.4196 1
0.4198 1
0.42 1
0.4202 1
0.4204 1
0.4206 1
0.4208 1
0.421 1
0.4212 1
0.4214 1
0.4216 1
0.4218 1
0.422 1
0.4222 1
0.4224 1
0.4226 1
0.4228 1
0.423 1
0.4232 1
0.4234 1
0.4236 1
0.4238 1
0.424 1
0.4242 1
0.4244 1
0.4246 1
0.4248 1
0.425 1
0.4252 1
0.4254 1
0.4256 1
0.4258 1
0.426 1
0.4262 1
0.4264 1
0.4266 1
0.4268 1
0.427 1
0.4272 1
0.4274 1
0.4276 1
0.4278 1
0.428 1
0.4282 1
0.4284 1
0.4286 1
0.4288 1
0.429 1
0.4292 1
0.4294 1
0.4296 1
0.4298 1
0.43 1
0.4302 1
0.4304 1
0.4306 1
0.4308 1
0.431 1
0.4312 1
0.4314 1
0.4316 1
0.4318 1
0.432 1
0.4322 1
0.4324 1
0.4326 1
0.4328 1
0.433 1
0.4332 1
0.4334 1
0.4336 1
0.4338 1
0.434 1
0.4342 1
0.4344 1
0.4346 1
0.4348 1
0.435 1
0.4352 1
0.4354 1
0.4356 1
0.4358 1
0.436 1
0.4362 1
0.4364 1
0.4366 1
0.4368 1
0.437 1
0.4372 1
0.4374 1
0.4376 1
0.4378 1
0.438 1
0.4382 1
0.4384 1
0.4386 1
0.4388 1
0.439 1
0.4392 1
0.4394 1
0.4396 1
0.4398 1
0.44 1
0.4402 1
0.4404 1
0.4406 1
0.4408 1
0.441 1
0.4412 1
0.4414 1
0.4416 1
0.4418 1
0.442 1
0.4422 1
0.4424 1
0.4426 1
0.4428 1
0.443 1
0.4432 1
0.4434 1
0.4436 1
0.4438 1
0.444 1
0.4442 1
0.4444 1
0.4446 1
0.4448 1
0.445 1
0.4452 1
0.4454 1
0.4456 1
0.4458 1
0.446 1
0.4462 1
0.4464 1
0.4466 1
0.4468 1
0.447 1
0.4472 1
0.4474 1
0.4476 1
0.4478 1
0.448 1
0.4482 1
0.4484 1
0.4486 1
0.4488 1
0.449 1
0.4492 1
0.4494 1
0.4496 1
0.4498 1
0.45 1
0.4502 1
0.4504 1
0.4506 1
0.4508 1
0.451 1
0.4512 1
0.4514 1
0.4516 1
0.4518 1
0.452 1
0.4522 1
0.4524 1
0.4526 1
0.4528 1
0.453 1
0.4532 1
0.4534 1
0.4536 1
0.4538 1
0.454 1
0.4542 1
0.4544 1
0.4546 1
0.4548 1
0.455 1
0.4552 1
0.4554 1
0.4556 1
0.4558 1
0.456 1
0.4562 1
0.4564 1
0.4566 1
0.4568 1
0.457 1
0.4572 1
0.4574 1
0.4576 1
0.4578 1
0.458 1
0.4582 1
0.4584 1
0.4586 1
0.4588 1
0.459 1
0.4592 1
0.4594 1
0.4596 1
0.4598 1
0.46 1
0.4602 1
0.4604 1
0.4606 1
0.4608 1
0.461 1
0.4612 1
0.4614 1
0.4616 1
0.4618 1
0.462 1
0.4622 1
0.4624 1
0.4626 1
0.4628 1
0.463 1
0.4632 1
0.4634 1
0.4636 1
0.4638 1
0.464 1
0.4642 1
0.4644 1
0.4646 1
0.4648 1
0.465 1
0.4652 1
0.4654 1
0.4656 1
0.4658 1
0.466 1
0.4662 1
0.4664 1
0.4666 1
0.4668 1
0.467 1
0.4672 1
0.4674 1
0.4676 1
0.4678 1
0.468 1
0.4682 1
0.4684 1
0.4686 1
0.4688 1
0.469 1
0.4692 1
0.4694 1
0.4696 1
0.4698 1
0.47 1
0.4702 1
0.4704 1
0.4706 1
0.4708 1
0.471 1
0.4712 1
0.4714 1
0.4716 1
0.4718 1
0.472 1
0.4722 1
0.4724 1
0.4726 1
0.4728 1
0.473 1
0.4732 1
0.4734 1
0.4736 1
0.4738 1
0.474 1
0.4742 1
0.4744 1
0.4746 1
0.4748 1
0.475 1
0.4752 1
0.4754 1
0.4756 1
0.4758 1
0.476 1
0.4762 1
0.4764 1
0.4766 1
0.4768 1
0.477 1
0.4772 1
0.4774 1
0.4776 1
0.4778 1
0.478 1
0.4782 1
0.4784 1
0.4786 1
0.4788 1
0.479 1
0.4792 1
0.4794 1
0.4796 1
0.4798 1
0.48 1
0.4802 1
0.4804 1
0.4806 1
0.4808 1
0.481 1
0.4812 1
0.4814 1
0.4816 1
0.4818 1
0.482 1
0.4822 1
0.4824 1
0.4826 1
0.4828 1
0.483 1
0.4832 1
0.4834 1
0.4836 1
0.4838 1
0.484 1
0.4842 1
0.4844 1
0.4846 1
0.4848 1
0.485 1
0.4852 1
0.4854 1
0.4856 1
0.4858 1
0.486 1
0.4862 1
0.4864 1
0.4866 1
0.4868 1
0.487 1
0.4872 1
0.4874 1
0.4876 1
0.4878 1
0.488 1
0.4882 1
0.4884 1
0.4886 1
0.4888 1
0.489 1
0.4892 1
0.4894 1
0.4896 1
0.4898 1
0.49 1
0.4902 1
0.4904 1
0.4906 1
0.4908 1
0.491 1
0.4912 1
0.4914 1
0.4916 1
0.4918 1
0.492 1
0.4922 1
0.4924 1
0.4926 1
0.4928 1
0.493 1
0.4932 1
0.4934 1
0.4936 1
0.4938 1
0.494 1
0.4942 1
0.4944 1
0.4946 1
0.4948 1
0.495 1
0.4952 1
0.4954 1
0.4956 1
0.4958 1
0.496 1
0.4962 1
0.4964 1
0.4966 1
0.4968 1
0.497 1
0.4972 1
0.4974 1
0.4976 1
0.4978 1
0.498 1
0.4982 1
0.4984 1
0.4986 1
0.4988 1
0.499 1
0.4992 1
0.4994 1
0.4996 1
0.4998 1
0.5 -1.1259e+15
0.5002 3.40585e+16
0.5004 -4.93707e+17
0.5006 4.56405e+18
0.5008 -3.0208e+19
0.501 1.52345e+20
0.5012 -6.08293e+20
0.5014 1.97245e+21
0.5016 -5.28588e+21
0.5018 1.18518e+22
0.502 -2.24236e+22
0.5022 3.60004e+22
0.5024 -4.92013e+22
0.5026 5.73009e+22
0.5028 -5.68086e+22
0.503 4.77917e+22
0.5032 -3.39273e+22
0.5034 2.01515e+22
0.5036 -9.89226e+21
0.5038 3.94368e+21
0.504 -1.2448e+21
0.5042 2.99394e+20
0.5044 -5.1558e+19
0.5046 5.66244e+18
0.5048 -2.98023e+17
0.505 2
0.5052 2
0.5054 2
0.5056 2
0.5058 2
0.506 2
0.5062 2
0.5064 2
0.5066 2
0.5068 2
0.507 2
0.5072 2
0.5074 2
0.5076 2
0.5078 2
0.508 2
0.5082 2
0.5084 2
0.5086 2
0.5088 2
0.509 2
0.5092 2
0.5094 2
0.5096 2
0.5098 2
0.51 2
0.5102 2
0.5104 2
0.5106 2
0.5108 2
0.511 2
0.5112 2
0.5114 2
0.5116 2
0.5118 2
0.512 2
0.5122 2
0.5124 2
0.5126 2
0.5128 2
0.513 2
0.5132 2
0.5134 2
0.5136 2
0.5138 2
0.514 2
0.5142 2
0.5144 2
0.5146 2
0.5148 2
0.515 2
0.5152 2
0.5154 2
0.5156 2
0.5158 2
0.516 2
0.5162 2
0.5164 2
0.5166 2
0.5168 2
0.517 2
0.5172 2
0.5174 2
0.5176 2
0.5178 2
0.518 2
0.5182 2
0.5184 2
0.5186 2
0.5188 2
0.519 2
0.5192 2
0.5194 2
0.5196 2
0.5198 2
0.52 2
0.5202 2
0.5204 2
0.5206 2
0.5208 2
0.521 2
0.5212 2
0.5214 2
0.5216 2
0.5218 2
0.522 2
0.5222 2
0.5224 2
0.5226 2
0.5228 2
0.523 2
0.5232 2
0.5234 2
0.5236 2
0.5238 2
0.524 2
0.5242 2
0.5244 2
0.5246 2
0.5248 2
0.525 2
0.5252 2
0.5254 2
0.5256 2
0.5258 2
0.526 2
0.5262 2
0.5264 2
0.5266 2
0.5268 2
0.527 2
0.5272 2
0.5274 2
0.5276 2
0.5278 2
0.528 2
0.5282 2
0.5284 2
0.5286 2
0.5288 2
0.529 2
0.5292 2
0.5294 2
0.5296 2
0.5298 2
0.53 2
0.5302 2
0.5304 2
0.5306 2
0.5308 2
0.531 2
0.5312 2
0.5314 2
0.5316 2
0.5318 2
0.532 2
0.5322 2
0.5324 2
0.5326 2
0.5328 2
0.533 2
0.5332 2
0.5334 2
0.5336 2
0.5338 2
0.534 2
0.5342 2
0.5344 2
0.5346 2
0.5348 2
0.535 2
0.5352 2
0.5354 2
0.5356 2
0.5358 2
0.536 2
0.5362 2
0.5364 2
0.5366 2
0.5368 2
0.537 2
0.5372 2
0.5374 2
0.5376 2
0.5378 2
0.538 2
0.5382 2
0.5384 2
0.5386 2
0.5388 2
0.539 2
0.5392 2
0.5394 2
0.5396 2
0.5398 2
0.54 2
0.5402 2
0.5404 2
0.5406 2
0.5408 2
0.541 2
0.5412 2
0.5414 2
0.5416 2
0.5418 2
0.542 2
0.5422 2
0.5424 2
0.5426 2
0.5428 2
0.543 2
0.5432 2
0.5434 2
0.5436 2
0.5438 2
0.544 2
0.5442 2
0.5444 2
0.5446 2
0.5448 2
0.545 2
0.5452 2
0.5454 2
0.5456 2
0.5458 2
0.546 2
0.5462 2
0.5464 2
0.5466 2
0.5468 2
0.547 2
0.5472 2
0.5474 2
0.5476 2
0.5478 2
0.548 2
0.5482 2
0.5484 2
0.5486 2
0.5488 2
0.549 2
0.5492 2
0.5494 2
0.5496 2
0.5498 2
0.55 2
0.5502 2
0.5504 2
0.5506 2
0.5508 2
0.551 2
0.5512 2
0.5514 2
0.5516 2
0.5518 2
0.552 2
0.5522 2
0.5524 2
0.5526 2
0.5528 2
0.553 2
0.5532 2
0.5534 2
0.5536 2
0.5538 2
0.554 2
0.5542 2
0.5544 2
0.5546 2
0.5548 2
0.555 2
0.5552 2
0.5554 2
0.5556 2
0.5558 2
0.556 2
0.5562 2
0.5564 2
0.5566 2
0.5568 2
0.557 2
0.5572 2
0.5574 2
0.5576 2
0.5578 2
0.558 2
0.5582 2
0.5584 2
0.5586 2
0.5588 2
0.559 2
0.5592 2
0.5594 2
0.5596 2
0.5598 2
0.56 2
0.5602 2
0.5604 2
0.5606 2
0.5608 2
0.561 2
0.5612 2
0.5614 2
0.5616 2
0.5618 2
0.562 2
0.5622 2
0.5624 2
0.5626 2
0.5628 2
0.563 2
0.5632 2
0.5634 2
0.5636 2
0.5638 2
0.564 2
0.5642 2
0.5644 2
0.5646 2
0.5648 2
0.565 2
0.5652 2
0.5654 2
0.5656 2
0.5658 2
0.566 2
0.5662 2
0.5664 2
0.5666 2
0.5668 2
0.567 2
0.5672 2
0.5674 2
0.5676 2
0.5678 2
0.568 2
0.5682 2
0.5684 2
0.5686 2
0.5688 2
0.569 2
0.5692 2
0.5694 2
0.5696 2
0.5698 2
0.57 2
0.5702 2
0.5704 2
0.5706 2
0.5708 2
0.571 2
0.5712 2
0.5714 2
0.5716 2
0.5718 2
0.572 2
0.5722 2
0.5724 2
0.5726 2
0.5728 2
0.573 2
0.5732 2
0.5734 2
0.5736 2
0.5738 2
0.574 2
0.5742 2
0.5744 2
0.5746 2
0.5748 2
0.575 2
0.5752 2
0.5754 2
0.5756 2
0.5758 2
0.576 2
0.5762 2
0.5764 2
0.5766 2
0.5768 2
0.577 2
0.5772 2
0.5774 2
0.5776 2
0.5778 2
0.578 2
0.5782 2
0.5784 2
0.5786 2
0.5788 2
0.579 2
0.5792 2
0.5794 2
0.5796 2
0.5798 2
0.58 2
0.5802 2
0.5804 2
0.5806 2
0.5808 2
0.581 2
0.5812 2
0.5814 2
0.5816 2
0.5818 2
0.582 2
0.5822 2
0.5824 2
0.5826 2
0.5828 2
0.583 2
0.5832 2
0.5834 2
0.5836 2
0.5838 2
0.584 2
0.5842 2
0.5844 2
0.5846 2
0.5848 2
0.585 2
0.5852 2
0.5854 2
0.5856 2
0.5858 2
0.586 2
0.5862 2
0.5864 2
0.5866 2
0.5868 2
0.587 2
0.5872 2
0.5874 2
0.5876 2
0.5878 2
0.588 2
0.5882 2
0.5884 2
0.5886 2
0.5888 2
0.589 2
0.5892 2
0.5894 2
0.5896 2
0.5898 2
0.59 2
0.5902 2
0.5904 2
0.5906 2
0.5908 2
0.591 2
0.5912 2
0.5914 2
0.5916 2
0.5918 2
0.592 2
0.5922 2
0.5924 2
0.5926 2
0.5928 2
0.593 2
0.5932 2
0.5934 2
0.5936 2
0.5938 2
0.594 2
0.5942 2
0.5944 2
0.5946 2
0.5948 2
0.595 2
0.5952 2
0.5954 2
0.5956 2
0.5958 2
0.596 2
0.5962 2
0.5964 2
0.5966 2
0.5968 2
0.597 2
0.5972 2
0.5974 2
0.5976 2
0.5978 2
0.598 2
0.5982 2
0.5984 2
0.5986 2
0.5988 2
0.599 2
0.5992 2
0.5994 2
0.5996 2
0.5998 2
0.6 2
0.6002 2
0.6004 2
0.6006 2
0.6008 2
0.601 2
0.6012 2
0.6014 2
0.6016 2
0.6018 2
0.602 2
0.6022 2
0.6024 2
0.6026 2
0.6028 2
0.603 2
0.6032 2
0.6034 2
0.6036 2
0.6038 2
0.604 2
0.6042 2
0.6044 2
0.6046 2
0.6048 2
0.605 2
0.6052 2
0.6054 2
0.6056 2
0.6058 2
0.606 2
0.6062 2
0.6064 2
0.6066 2
0.6068 2
0.607 2
0.6072 2
0.6074 2
0.6076 2
0.6078 2
0.608 2
0.6082 2
0.6084 2
0.6086 2
0.6088 2
0.609 2
0.6092 2
0.6094 2
0.6096 2
0.6098 2
0.61 2
0.6102 2
0.6104 2
0.6106 2
0.6108 2
0.611 2
0.6112 2
0.6114 2
0.6116 2
0.6118 2
0.612 2
0.6122 2
0.6124 2
0.6126 2
0.6128 2
0.613 2
0.6132 2
0.6134 2
0.6136 2
0.6138 2
0.614 2
0.6142 2
0.6144 2
0.6146 2
0.6148 2
0.615 2
0.6152 2
0.6154 2
0.6156 2
0.6158 2
0.616 2
0.6162 2
0.6164 2
0.6166 2
0.6168 2
0.617 2
0.6172 2
0.6174 2
0.6176 2
0.6178 2
0.618 2
0.6182 2
0.6184 2
0.6186 2
0.6188 2
0.619 2
0.6192 2
0.6194 2
0.6196 2
0.6198 2
0.62 2
0.6202 2
0.6204 2
0.6206 2
0.6208 2
0.621 2
0.6212 2
0.6214 2
0.6216 2
0.6218 2
0.622 2
0.6222 2
0.6224 2
0.6226 2
0.6228 2
0.623 2
0.6232 2
0.6234 2
0.6236 2
0.6238 2
0.624 2
0.6242 2
0.6244 2
0.6246 2
0.6248 2
0.625 2
0.6252 2
0.6254 2
0.6256 2
0.6258 2
0.626 2
0.6262 2
0.6264 2
0.6266 2
0.6268 2
0.627 2
0.6272 2
0.6274 2
0.6276 2
0.6278 2
0.628 2
0.6282 2
0.6284 2
0.6286 2
0.6288 2
0.629 2
0.6292 2
0.6294 2
0.6296 2
0.6298 2
0.63 2
0.6302 2
0.6304 2
0.6306 2
0.6308 2
0.631 2
0.6312 2
0.6314 2
0.6316 2
0.6318 2
0.632 2
0.6322 2
0.6324 2
0.6326 2
0.6328 2
0.633 2
0.6332 2
0.6334 2
0.6336 2
0.6338 2
0.634 2
0.6342 2
0.6344 2
0.6346 2
0.6348 2
0.635 2
0.6352 2
0.6354 2
0.6356 2
0.6358 2
0.636 2
0.6362 2
0.6364 2
0.6366 2
0.6368 2
0.637 2
0.6372 2
0.6374 2
0.6376 2
0.6378 2
0.638 2
0.6382 2
0.6384 2
0.6386 2
0.6388 2
0.639 2
0.6392 2
0.6394 2
0.6396 2
0.6398 2
0.64 2
0.6402 2
0.6404 2
0.6406 2
0.6408 2
0.641 2
0.6412 2
0.6414 2
0.6416 2
0.6418 2
0.642 2
0.6422 2
0.6424 2
0.6426 2
0.6428 2
0.643 2
0.6432 2
0.6434 2
0.6436 2
0.6438 2
0.644 2
0.6442 2
0.6444 2
0.6446 2
0.6448 2
0.645 2
0.6452 2
0.6454 2
0.6456 2
0.6458 2
0.646 2
0.6462 2
0.6464 2
0.6466 2
0.6468 2
0.647 2
0.6472 2
0.6474 2
0.6476 2
0.6478 2
0.648 2
0.6482 2
0.6484 2
0.6486 2
0.6488 2
0.649 2
0.6492 2
0.6494 2
0.6496 2
0.6498 2
0.65 2
0.6502 2
0.6504 2
0.6506 2
0.6508 2
0.651 2
0.6512 2
0.6514 2
0.6516 2
0.6518 2
0.652 2
0.6522 2
0.6524 2
0.6526 2
0.6528 2
0.653 2
0.6532 2
0.6534 2
0.6536 2
0.6538 2
0.654 2
0.6542 2
0.6544 2
0.6546 2
0.6548 2
0.655 2
0.6552 2
0.6554 2
0.6556 2
0.6558 2
0.656 2
0.6562 2
0.6564 2
0.6566 2
0.6568 2
0.657 2
0.6572 2
0.6574 2
0.6576 2
0.6578 2
0.658 2
0.6582 2
0.6584 2
0.6586 2
0.6588 2
0.659 2
0.6592 2
0.6594 2
0.6596 2
0.6598 2
0.66 2
0.6602 2
0.6604 2
0.6606 2
0.6608 2
0.661 2
0.6612 2
0.6614 2
0.6616 2
0.6618 2
0.662 2
0.6622 2
0.6624 2
0.6626 2
0.6628 2
0.663 2
0.6632 2
0.6634 2
0.6636 2
0.6638 2
0.664 2
0.6642 2
0.6644 2
0.6646 2
0.6648 2
0.665 2
0.6652 2
0.6654 2
0.6656 2
0.6658 2
0.666 2
0.6662 2
0.6664 2
0.6666 2
0.6668 2
0.667 2
0.6672 2
0.6674 2
0.6676 2
0.6678 2
0.668 2
0.6682 2
0.6684 2
0.6686 2
0.6688 2
0.669 2
0.6692 2
0.6694 2
0.6696 2
0.6698 2
0.67 2
0.6702 2
0.6704 2
0.6706 2
0.6708 2
0.671 2
0.6712 2
0.6714 2
0.6716 2
0.6718 2
0.672 2
0.6722 2
0.6724 2
0.6726 2
0.6728 2
0.673 2
0.6732 2
0.6734 2
0.6736 2
0.6738 2
0.674 2
0.6742 2
0.6744 2
0.6746 2
0.6748 2
0.675 2
0.6752 2
0.6754 2
0.6756 2
0.6758 2
0.676 2
0.6762 2
0.6764 2
0.6766 2
0.6768 2
0.677 2
0.6772 2
0.6774 2
0.6776 2
0.6778 2
0.678 2
0.6782 2
0.6784 2
0.6786 2
0.6788 2
0.679 2
0.6792 2
0.6794 2
0.6796 2
0.6798 2
0.68 2
0.6802 2
0.6804 2
0.6806 2
0.6808 2
0.681 2
0.6812 2
0.6814 2
0.6816 2
0.6818 2
0.682 2
0.6822 2
0.6824 2
0.6826 2
0.6828 2
0.683 2
0.6832 2
0.6834 2
0.6836 2
0.6838 2
0.684 2
0.6842 2
0.6844 2
0.6846 2
0.6848 2
0.685 2
0.6852 2
0.6854 2
0.6856 2
0.6858 2
0.686 2
0.6862 2
0.6864 2
0.6866 2
0.6868 2
0.687 2
0.6872 2
0.6874 2
0.6876 2
0.6878 2
0.688 2
0.6882 2
0.6884 2
0.6886 2
0.6888 2
0.689 2
0.6892 2
0.6894 2
0.6896 2
0.6898 2
0.69 2
0.6902 2
0.6904 2
0.6906 2
0.6908 2
0.691 2
0.6912 2
0.6914 2
0.6916 2
0.6918 2
0.692 2
0.6922 2
0.6924 2
0.6926 2
0.6928 2
0.693 2
0.6932 2
0.6934 2
0.6936 2
0.6938 2
0.694 2
0.6942 2
0.6944 2
0.6946 2
0.6948 2
0.695 2
0.6952 2
0.6954 2
0.6956 2
0.6958 2
0.696 2
0.6962 2
0.6964 2
0.6966 2
0.6968 2
0.697 2
0.6972 2
0.6974 2
0.6976 2
0.6978 2
0.698 2
0.6982 2
0.6984 2
0.6986 2
0.6988 2
0.699 2
0.6992 2
0.6994 2
0.6996 2
0.6998 2
0.7 2
0.7002 2
0.7004 2
0.7006 2
0.7008 2
0.701 2
0.7012 2
0.7014 2
0.7016 2
0.7018 2
0.702 2
0.7022 2
0.7024 2
0.7026 2
0.7028 2
0.703 2
0.7032 2
0.7034 2
0.7036 2
0.7038 2
0.704 2
0.7042 2
0.7044 2
0.7046 2
0.7048 2
0.705 2
0.7052 2
0.7054 2
0.7056 2
0.7058 2
0.706 2
0.7062 2
0.7064 2
0.7066 2
0.7068 2
0.707 2
0.7072 2
0.7074 2
0.7076 2
0.7078 2
0.708 2
0.7082 2
0.7084 2
0.7086 2
0.7088 2
0.709 2
0.7092 2
0.7094 2
0.7096 2
0.7098 2
0.71 2
0.7102 2
0.7104 2
0.7106 2
0.7108 2
0.711 2
0.7112 2
0.7114 2
0.7116 2
0.7118 2
0.712 2
0.7122 2
0.7124 2
0.7126 2
0.7128 2
0.713 2
0.7132 2
0.7134 2
0.7136 2
0.7138 2
0.714 2
0.7142 2
0.7144 2
0.7146 2
0.7148 2
0.715 2
0.7152 2
0.7154 2
0.7156 2
0.7158 2
0.716 2
0.7162 2
0.7164 2
0.7166 2
0.7168 2
0.717 2
0.7172 2
0.7174 2
0.7176 2
0.7178 2
0.718 2
0.7182 2
0.7184 2
0.7186 2
0.7188 2
0.719 2
0.7192 2
0.7194 2
0.7196 2
0.7198 2
0.72 2
0.7202 2
0.7204 2
0.7206 2
0.7208 2
0.721 2
0.7212 2
0.7214 2
0.7216 2
0.7218 2
0.722 2
0.7222 2
0.7224 2
0.7226 2
0.7228 2
0.723 2
0.7232 2
0.7234 2
0.7236 2
0.7238 2
0.724 2
0.7242 2
0.7244 2
0.7246 2
0.7248 2
0.725 2
0.7252 2
0.7254 2
0.7256 2
0.7258 2
0.726 2
0.7262 2
0.7264 2
0.7266 2
0.7268 2
0.727 2
0.7272 2
0.7274 2
0.7276 2
0.7278 2
0.728 2
0.7282 2
0.7284 2
0.7286 2
0.7288 2
0.729 2
0.7292 2
0.7294 2
0.7296 2
0.7298 2
0.73 2
0.7302 2
0.7304 2
0.7306 2
0.7308 2
0.731 2
0.7312 2
0.7314 2
0.7316 2
0.7318 2
0.732 2
0.7322 2
0.7324 2
0.7326 2
0.7328 2
0.733 2
0.7332 2
0.7334 2
0.7336 2
0.7338 2
0.734 2
0.7342 2
0.7344 2
0.7346 2
0.7348 2
0.735 2
0.7352 2
0.7354 2
0.7356 2
0.7358 2
0.736 2
0.7362 2
0.7364 2
0.7366 2
0.7368 2
0.737 2
0.7372 2
0.7374 2
0.7376 2
0.7378 2
0.738 2
0.7382 2
0.7384 2
0.7386 2
0.7388 2
0.739 2
0.7392 2
0.7394 2
0.7396 2
0.7398 2
0.74 2
0.7402 2
0.7404 2
0.7406 2
0.7408 2
0.741 2
0.7412 2
0.7414 2
0.7416 2
0.7418 2
0.742 2
0.7422 2
0.7424 2
0.7426 2
0.7428 2
0.743 2
0.7432 2
0.7434 2
0.7436 2
0.7438 2
0.744 2
0.7442 2
0.7444 2
0.7446 2
0.7448 2
0.745 2
0.7452 2
0.7454 2
0.7456 2
0.7458 2
0.746 2
0.7462 2
0.7464 2
0.7466 2
0.7468 2
0.747 2
0.7472 2
0.7474 2
0.7476 2
0.7478 2
0.748 2
0.7482 2
0.7484 2
0.7486 2
0.7488 2
0.749 2
0.7492 2
0.7494 2
0.7496 2
0.7498 2
0.75 2
0.7502 2
0.7504 2
0.7506 2
0.7508 2
0.751 2
0.7512 2
0.7514 2
0.7516 2
0.7518 2
0.752 2
0.7522 2
0.7524 2
0.7526 2
0.7528 2
0.753 2
0.7532 2
0.7534 2
0.7536 2
0.7538 2
0.754 2
0.7542 2
0.7544 2
0.7546 2
0.7548 2
0.755 2
0.7552 2
0.7554 2
0.7556 2
0.7558 2
0.756 2
0.7562 2
0.7564 2
0.7566 2
0.7568 2
0.757 2
0.7572 2
0.7574 2
0.7576 2
0.7578 2
0.758 2
0.7582 2
0.7584 2
0.7586 2
0.7588 2
0.759 2
0.7592 2
0.7594 2
0.7596 2
0.7598 2
0.76 2
0.7602 2
0.7604 2
0.7606 2
0.7608 2
0.761 2
0.7612 2
0.7614 2
0.7616 2
0.7618 2
0.762 2
0.7622 2
0.7624 2
0.7626 2
0.7628 2
0.763 2
0.7632 2
0.7634 2
0.7636 2
0.7638 2
0.764 2
0.7642 2
0.7644 2
0.7646 2
0.7648 2
0.765 2
0.7652 2
0.7654 2
0.7656 2
0.7658 2
0.766 2
0.7662 2
0.7664 2
0.7666 2
0.7668 2
0.767 2
0.7672 2
0.7674 2
0.7676 2
0.7678 2
0.768 2
0.7682 2
0.7684 2
0.7686 2
0.7688 2
0.769 2
0.7692 2
0.7694 2
0.7696 2
0.7698 2
0.77 2
0.7702 2
0.7704 2
0.7706 2
0.7708 2
0.771 2
0.7712 2
0.7714 2
0.7716 2
0.7718 2
0.772 2
0.7722 2
0.7724 2
0.7726 2
0.7728 2
0.773 2
0.7732 2
0.7734 2
0.7736 2
0.7738 2
0.774 2
0.7742 2
0.7744 2
0.7746 2
0.7748 2
0.775 2
0.7752 2
0.7754 2
0.7756 2
0.7758 2
0.776 2
0.7762 2
0.7764 2
0.7766 2
0.7768 2
0.777 2
0.7772 2
0.7774 2
0.7776 2
0.7778 2
0.778 2
0.7782 2
0.7784 2
0.7786 2
0.7788 2
0.779 2
0.7792 2
0.7794 2
0.7796 2
0.7798 2
0.78 2
0.7802 2
0.7804 2
0.7806 2
0.7808 2
0.781 2
0.7812 2
0.7814 2
0.7816 2
0.7818 2
0.782 2
0.7822 2
0.7824 2
0.7826 2
0.7828 2
0.783 2
0.7832 2
0.7834 2
0.7836 2
0.7838 2
0.784 2
0.7842 2
0.7844 2
0.7846 2
0.7848 2
0.785 2
0.7852 2
0.7854 2
0.7856 2
0.7858 2
0.786 2
0.7862 2
0.7864 2
0.7866 2
0.7868 2
0.787 2
0.7872 2
0.7874 2
0.7876 2
0.7878 2
0.788 2
0.7882 2
0.7884 2
0.7886 2
0.7888 2
0.789 2
0.7892 2
0.7894 2
0.7896 2
0.7898 2
0.79 2
0.7902 2
0.7904 2
0.7906 2
0.7908 2
0.791 2
0.7912 2
0.7914 2
0.7916 2
0.7918 2
0.792 2
0.7922 2
0.7924 2
0.7926 2
0.7928 2
0.793 2
0.7932 2
0.7934 2
0.7936 2
0.7938 2
0.794 2
0.7942 2
0.7944 2
0.7946 2
0.7948 2
0.795 2
0.7952 2
0.7954 2
0.7956 2
0.7958 2
0.796 2
0.7962 2
0.7964 2
0.7966 2
0.7968 2
0.797 2
0.7972 2
0.7974 2
0.7976 2
0.7978 2
0.798 2
0.7982 2
0.7984 2
0.7986 2
0.7988 2
0.799 2
0.7992 2
0.7994 2
0.7996 2
0.7998 2
0.8 2
0.8002 2
0.8004 2
0.8006 2
0.8008 2
0.801 2
0.8012 2
0.8014 2
0.8016 2
0.8018 2
0.802 2
0.8022 2
0.8024 2
0.8026 2
0.8028 2
0.803 2
0.8032 2
0.8034 2
0.8036 2
0.8038 2
0.804 2
0.8042 2
0.8044 2
0.8046 2
0.8048 2
0.805 2
0.8052 2
0.8054 2
0.8056 2
0.8058 2
0.806 2
0.8062 2
0.8064 2
0.8066 2
0.8068 2
0.807 2
0.8072 2
0.8074 2
0.8076 2
0.8078 2
0.808 2
0.8082 2
0.8084 2
0.8086 2
0.8088 2
0.809 2
0.8092 2
0.8094 2
0.8096 2
0.8098 2
0.81 2
0.8102 2
0.8104 2
0.8106 2
0.8108 2
0.811 2
0.8112 2
0.8114 2
0.8116 2
0.8118 2
0.812 2
0.8122 2
0.8124 2
0.8126 2
0.8128 2
0.813 2
0.8132 2
0.8134 2
0.8136 2
0.8138 2
0.814 2
0.8142 2
0.8144 2
0.8146 2
0.8148 2
0.815 2
0.8152 2
0.8154 2
0.8156 2
0.8158 2
0.816 2
0.8162 2
0.8164 2
0.8166 2
0.8168 2
0.817 2
0.8172 2
0.8174 2
0.8176 2
0.8178 2
0.818 2
0.8182 2
0.8184 2
0.8186 2
0.8188 2
0.819 2
0.8192 2
0.8194 2
0.8196 2
0.8198 2
0.82 2
0.8202 2
0.8204 2
0.8206 2
0.8208 2
0.821 2
0.8212 2
0.8214 2
0.8216 2
0.8218 2
0.822 2
0.8222 2
0.8224 2
0.8226 2
0.8228 2
0.823 2
0.8232 2
0.8234 2
0.8236 2
0.8238 2
0.824 2
0.8242 2
0.8244 2
0.8246 2
0.8248 2
0.825 2
0.8252 2
0.8254 2
0.8256 2
0.8258 2
0.826 2
0.8262 2
0.8264 2
0.8266 2
0.8268 2
0.827 2
0.8272 2
0.8274 2
0.8276 2
0.8278 2
0.828 2
0.8282 2
0.8284 2
0.8286 2
0.8288 2
0.829 2
0.8292 2
0.8294 2
0.8296 2
0.8298 2
0.83 2
0.8302 2
0.8304 2
0.8306 2
0.8308 2
0.831 2
0.8312 2
0.8314 2
0.8316 2
0.8318 2
0.832 2
0.8322 2
0.8324 2
0.8326 2
0.8328 2
0.833 2
0.8332 2
0.8334 2
0.8336 2
0.8338 2
0.834 2
0.8342 2
0.8344 2
0.8346 2
0.8348 2
0.835 2
0.8352 2
0.8354 2
0.8356 2
0.8358 2
0.836 2
0.8362 2
0.8364 2
0.8366 2
0.8368 2
0.837 2
0.8372 2
0.8374 2
0.8376 2
0.8378 2
0.838 2
0.8382 2
0.8384 2
0.8386 2
0.8388 2
0.839 2
0.8392 2
0.8394 2
0.8396 2
0.8398 2
0.84 2
0.8402 2
0.8404 2
0.8406 2
0.8408 2
0.841 2
0.8412 2
0.8414 2
0.8416 2
0.8418 2
0.842 2
0.8422 2
0.8424 2
0.8426 2
0.8428 2
0.843 2
0.8432 2
0.8434 2
0.8436 2
0.8438 2
0.844 2
0.8442 2
0.8444 2
0.8446 2
0.8448 2
0.845 2
0.8452 2
0.8454 2
0.8456 2
0.8458 2
0.846 2
0.8462 2
0.8464 2
0.8466 2
0.8468 2
0.847 2
0.8472 2
0.8474 2
0.8476 2
0.8478 2
0.848 2
0.8482 2
0.8484 2
0.8486 2
0.8488 2
0.849 2
0.8492 2
0.8494 2
0.8496 2
0.8498 2
0.85 2
0.8502 2
0.8504 2
0.8506 2
0.8508 2
0.851 2
0.8512 2
0.8514 2
0.8516 2
0.8518 2
0.852 2
0.8522 2
0.8524 2
0.8526 2
0.8528 2
0.853 2
0.8532 2
0.8534 2
0.8536 2
0.8538 2
0.854 2
0.8542 2
0.8544 2
0.8546 2
0.8548 2
0.855 2
0.8552 2
0.8554 2
0.8556 2
0.8558 2
0.856 2
0.8562 2
0.8564 2
0.8566 2
0.8568 2
0.857 2
0.8572 2
0.8574 2
0.8576 2
0.8578 2
0.858 2
0.8582 2
0.8584 2
0.8586 2
0.8588 2
0.859 2
0.8592 2
0.8594 2
0.8596 2
0.8598 2
0.86 2
0.8602 2
0.8604 2
0.8606 2
0.8608 2
0.861 2
0.8612 2
0.8614 2
0.8616 2
0.8618 2
0.862 2
0.8622 2
0.8624 2
0.8626 2
0.8628 2
0.863 2
0.8632 2
0.8634 2
0.8636 2
0.8638 2
0.864 2
0.8642 2
0.8644 2
0.8646 2
0.8648 2
0.865 2
0.8652 2
0.8654 2
0.8656 2
0.8658 2
0.866 2
0.8662 2
0.8664 2
0.8666 2
0.8668 2
0.867 2
0.8672 2
0.8674 2
0.8676 2
0.8678 2
0.868 2
0.8682 2
0.8684 2
0.8686 2
0.8688 2
0.869 2
0.8692 2
0.8694 2
0.8696 2
0.8698 2
0.87 2
0.8702 2
0.8704 2
0.8706 2
0.8708 2
0.871 2
0.8712 2
0.8714 2
0.8716 2
0.8718 2
0.872 2
0.8722 2
0.8724 2
0.8726 2
0.8728 2
0.873 2
0.8732 2
0.8734 2
0.8736 2
0.8738 2
0.874 2
0.8742 2
0.8744 2
0.8746 2
0.8748 2
0.875 2
0.8752 2
0.8754 2
0.8756 2
0.8758 2
0.876 2
0.8762 2
0.8764 2
0.8766 2
0.8768 2
0.877 2
0.8772 2
0.8774 2
0.8776 2
0.8778 2
0.878 2
0.8782 2
0.8784 2
0.8786 2
0.8788 2
0.879 2
0.8792 2
0.8794 2
0.8796 2
0.8798 2
0.88 2
0.8802 2
0.8804 2
0.8806 2
0.8808 2
0.881 2
0.8812 2
0.8814 2
0.8816 2
0.8818 2
0.882 2
0.8822 2
0.8824 2
0.8826 2
0.8828 2
0.883 2
0.8832 2
0.8834 2
0.8836 2
0.8838 2
0.884 2
0.8842 2
0.8844 2
0.8846 2
0.8848 2
0.885 2
0.8852 2
0.8854 2
0.8856 2
0.8858 2
0.886 2
0.8862 2
0.8864 2
0.8866 2
0.8868 2
0.887 2
0.8872 2
0.8874 2
0.8876 2
0.8878 2
0.888 2
0.8882 2
0.8884 2
0.8886 2
0.8888 2
0.889 2
0.8892 2
0.8894 2
0.8896 2
0.8898 2
0.89 2
0.8902 2
0.8904 2
0.8906 2
0.8908 2
0.891 2
0.8912 2
0.8914 2
0.8916 2
0.8918 2
0.892 2
0.8922 2
0.8924 2
0.8926 2
0.8928 2
0.893 2
0.8932 2
0.8934 2
0.8936 2
0.8938 2
0.894 2
0.8942 2
0.8944 2
0.8946 2
0.8948 2
0.895 2
0.8952 2
0.8954 2
0.8956 2
0.8958 2
0.896 2
0.8962 2
0.8964 2
0.8966 2
0.8968 2
0.897 2
0.8972 2
0.8974 2
0.8976 2
0.8978 2
0.898 2
0.8982 2
0.8984 2
0.8986 2
0.8988 2
0.899 2
0.8992 2
0.8994 2
0.8996 2
0.8998 2
0.9 2
0.9002 2
0.9004 2
0.9006 2
0.9008 2
0.901 2
0.9012 2
0.9014 2
0.9016 2
0.9018 2
0.902 2
0.9022 2
0.9024 2
0.9026 2
0.9028 2
0.903 2
0.9032 2
0.9034 2
0.9036 2
0.9038 2
0.904 2
0.9042 2
0.9044 2
0.9046 2
0.9048 2
0.905 2
0.9052 2
0.9054 2
0.9056 2
0.9058 2
0.906 2
0.9062 2
0.9064 2
0.9066 2
0.9068 2
0.907 2
0.9072 2
0.9074 2
0.9076 2
0.9078 2
0.908 2
0.9082 2
0.9084 2
0.9086 2
0.9088 2
0.909 2
0.9092 2
0.9094 2
0.9096 2
0.9098 2
0.91 2
0.9102 2
0.9104 2
0.9106 2
0.9108 2
0.911 2
0.9112 2
0.9114 2
0.9116 2
0.9118 2
0.912 2
0.9122 2
0.9124 2
0.9126 2
0.9128 2
0.913 2
0.9132 2
0.9134 2
0.9136 2
0.9138 2
0.914 2
0.9142 2
0.9144 2
0.9146 2
0.9148 2
0.915 2
0.9152 2
0.9154 2
0.9156 2
0.9158 2
0.916 2
0.9162 2
0.9164 2
0.9166 2
0.9168 2
0.917 2
0.9172 2
0.9174 2
0.9176 2
0.9178 2
0.918 2
0.9182 2
0.9184 2
0.9186 2
0.9188 2
0.919 2
0.9192 2
0.9194 2
0.9196 2
0.9198 2
0.92 2
0.9202 2
0.9204 2
0.9206 2
0.9208 2
0.921 2
0.9212 2
0.9214 2
0.9216 2
0.9218 2
0.922 2
0.9222 2
0.9224 2
0.9226 2
0.9228 2
0.923 2
0.9232 2
0.9234 2
0.9236 2
0.9238 2
0.924 2
0.9242 2
0.9244 2
0.9246 2
0.9248 2
0.925 2
0.9252 2
0.9254 2
0.9256 2
0.9258 2
0.926 2
0.9262 2
0.9264 2
0.9266 2
0.9268 2
0.927 2
0.9272 2
0.9274 2
0.9276 2
0.9278 2
0.928 2
0.9282 2
0.9284 2
0.9286 2
0.9288 2
0.929 2
0.9292 2
0.9294 2
0.9296 2
0.9298 2
0.93 2
0.9302 2
0.9304 2
0.9306 2
0.9308 2
0.931 2
0.9312 2
0.9314 2
0.9316 2
0.9318 2
0.932 2
0.9322 2
0.9324 2
0.9326 2
0.9328 2
0.933 2
0.9332 2
0.9334 2
0.9336 2
0.9338 2
0.934 2
0.9342 2
0.9344 2
0.9346 2
0.9348 2
0.935 2
0.9352 2
0.9354 2
0.9356 2
0.9358 2
0.936 2
0.9362 2
0.9364 2
0.9366 2
0.9368 2
0.937 2
0.9372 2
0.9374 2
0.9376 2
0.9378 2
0.938 2
0.9382 2
0.9384 2
0.9386 2
0.9388 2
0.939 2
0.9392 2
0.9394 2
0.9396 2
0.9398 2
0.94 2
0.9402 2
0.9404 2
0.9406 2
0.9408 2
0.941 2
0.9412 2
0.9414 2
0.9416 2
0.9418 2
0.942 2
0.9422 2
0.9424 2
0.9426 2
0.9428 2
0.943 2
0.9432 2
0.9434 2
0.9436 2
0.9438 2
0.944 2
0.9442 2
0.9444 2
0.9446 2
0.9448 2
0.945 2
0.9452 2
0.9454 2
0.9456 2
0.9458 2
0.946 2
0.9462 2
0.9464 2
0.9466 2
0.9468 2
0.947 2
0.9472 2
0.9474 2
0.9476 2
0.9478 2
0.948 2
0.9482 2
0.9484 2
0.9486 2
0.9488 2
0.949 2
0.9492 2
0.9494 2
0.9496 2
0.9498 2
0.95 2
0.9502 2
0.9504 2
0.9506 2
0.9508 2
0.951 2
0.9512 2
0.9514 2
0.9516 2
0.9518 2
0.952 2
0.9522 2
0.9524 2
0.9526 2
0.9528 2
0.953 2
0.9532 2
0.9534 2
0.9536 2
0.9538 2
0.954 2
0.9542 2
0.9544 2
0.9546 2
0.9548 2
0.955 2
0.9552 2
0.9554 2
0.9556 2
0.9558 2
0.956 2
0.9562 2
0.9564 2
0.9566 2
0.9568 2
0.957 2
0.9572 2
0.9574 2
0.9576 2
0.9578 2
0.958 2
0.9582 2
0.9584 2
0.9586 2
0.9588 2
0.959 2
0.9592 2
0.9594 2
0.9596 2
0.9598 2
0.96 2
0.9602 2
0.9604 2
0.9606 2
0.9608 2
0.961 2
0.9612 2
0.9614 2
0.9616 2
0.9618 2
0.962 2
0.9622 2
0.9624 2
0.9626 2
0.9628 2
0.963 2
0.9632 2
0.9634 2
0.9636 2
0.9638 2
0.964 2
0.9642 2
0.9644 2
0.9646 2
0.9648 2
0.965 2
0.9652 2
0.9654 2
0.9656 2
0.9658 2
0.966 2
0.9662 2
0.9664 2
0.9666 2
0.9668 2
0.967 2
0.9672 2
0.9674 2
0.9676 2
0.9678 2
0.968 2
0.9682 2
0.9684 2
0.9686 2
0.9688 2
0.969 2
0.9692 2
0.9694 2
0.9696 2
0.9698 2
0.97 2
0.9702 2
0.9704 2
0.9706 2
0.9708 2
0.971 2
0.9712 2
0.9714 2
0.9716 2
0.9718 2
0.972 2
0.9722 2
0.9724 2
0.9726 2
0.9728 2
0.973 2
0.9732 2
0.9734 2
0.9736 2
0.9738 2
0.974 2
0.9742 2
0.9744 2
0.9746 2
0.9748 2
0.975 2
0.9752 2
0.9754 2
0.9756 2
0.9758 2
0.976 2
0.9762 2
0.9764 2
0.9766 2
0.9768 2
0.977 2
0.9772 2
0.9774 2
0.9776 2
0.9778 2
0.978 2
0.9782 2
0.9784 2
0.9786 2
0.9788 2
0.979 2
0.9792 2
0.9794 2
0.9796 2
0.9798 2
0.98 2
0.9802 2
0.9804 2
0.9806 2
0.9808 2
0.981 2
0.9812 2
0.9814 2
0.9816 2
0.9818 2
0.982 2
0.9822 2
0.9824 2
0.9826 2
0.9828 2
0.983 2
0.9832 2
0.9834 2
0.9836 2
0.9838 2
0.984 2
0.9842 2
0.9844 2
0.9846 2
0.9848 2
0.985 2
0.9852 2
0.9854 2
0.9856 2
0.9858 2
0.986 2
0.9862 2
0.9864 2
0.9866 2
0.9868 2
0.987 2
0.9872 2
0.9874 2
0.9876 2
0.9878 2
0.988 2
0.9882 2
0.9884 2
0.9886 2
0.9888 2
0.989 2
0.9892 2
0.9894 2
0.9896 2
0.9898 2
0.99 2
0.9902 2
0.9904 2
0.9906 2
0.9908 2
0.991 2
0.9912 2
0.9914 2
0.9916 2
0.9918 2
0.992 2
0.9922 2
0.9924 2
0.9926 2
0.9928 2
0.993 2
0.9932 2
0.9934 2
0.9936 2
0.9938 2
0.994 2
0.9942 2
0.9944 2
0.9946 2
0.9948 2
0.995 2
0.9952 2
0.9954 2
0.9956 2
0.9958 2
0.996 2
0.9962 2
0.9964 2
0.9966 2
0.9968 2
0.997 2
0.9972 2
0.9974 2
0.9976 2
0.9978 2
0.998 2
0.9982 2
0.9984 2
0.9986 2
0.9988 2
0.999 2
0.9992 2
0.9994 2
0.9996 2
0.9998 2
1 2
1.0002 1.1259e+15
1.0004 -3.40585e+16
1.0006 4.93707e+17
1.0008 -4.56405e+18
1.001 3.0208e+19
1.0012 -1.52345e+20
1.0014 6.08293e+20
1.0016 -1.97245e+21
1.0018 5.28588e+21
1.002 -1.18518e+22
1.0022 2.24236e+22
1.0024 -3.60004e+22
1.0026 4.92013e+22
1.0028 -5.73009e+22
1.003 5.68086e+22
1.0032 -4.77917e+22
1.0034 3.39273e+22
1.0036 -2.01515e+22
1.0038 9.89226e+21
1.004 -3.94368e+21
1.0042 1.2448e+21
1.0044 -2.99394e+20
1.0046 5.1558e+19
1.0048 -5.66244e+18
1.005 2.98023e+17
1.0052 1
1.0054 1
1.0056 1
1.0058 1
1.006 1
1.0062 1
1.0064 1
1.0066 1
1.0068 1
1.007 1
1.0072 1
1.0074 1
1.0076 1
1.0078 1
1.008 1
1.0082 1
1.0084 1
1.0086 1
1.0088 1
1.009 1
1.0092 1
1.0094 1
1.0096 1
1.0098 1
1.01 1
1.0102 1
1.0104 1
1.0106 1
1.0108 1
1.011 1
1.0112 1
1.0114 1
1.0116 1
1.0118 1
1.012 1
1.0122 1
1.0124 1
1.0126 1
1.0128 1
1.013 1
1.0132 1
1.0134 1
1.0136 1
1.0138 1
1.014 1
1.0142 1
1.0144 1
1.0146 1
1.0148 1
1.015 1
1.0152 1
1.0154 1
1.0156 1
1.0158 1
1.016 1
1.0162 1
1.0164 1
1.0166 1
1.0168 1
1.017 1
1.0172 1
1.0174 1
1.0176 1
1.0178 1
1.018 1
1.0182 1
1.0184 1
1.0186 1
1.0188 1
1.019 1
1.0192 1
1.0194 1
1.0196 1
1.0198 1
1.02 1
1.0202 1
1.0204 1
1.0206 1
1.0208 1
1.021 1
1.0212 1
1.0214 1
1.0216 1
1.0218 1
1.022 1
1.0222 1
1.0224 1
1.0226 1
1.0228 1
1.023 1
1.0232 1
1.0234 1
1.0236 1
1.0238 1
1.024 1
1.0242 1
1.0244 1
1.0246 1
1.0248 1
1.025 1
1.0252 1
1.0254 1
1.0256 1
1.0258 1
1.026 1
1.0262 1
1.0264 1
1.0266 1
1.0268 1
1.027 1
1.0272 1
1.0274 1
1.0276 1
1.0278 1
1.028 1
1.0282 1
1.0284 1
1.0286 1
1.0288 1
1.029 1
1.0292 1
1.0294 1
1.0296 1
1.0298 1
1.03 1
1.0302 1
1.0304 1
1.0306 1
1.0308 1
1.031 1
1.0312 1
1.0314 1
1.0316 1
1.0318 1
1.032 1
1.0322 1
1.0324 1
1.0326 1
1.0328 1
1.033 1
1.0332 1
1.0334 1
1.0336 1
1.0338 1
1.034 1
1.0342 1
1.0344 1
1.0346 1
1.0348 1
1.035 1
1.0352 1
1.0354 1
1.0356 1
1.0358 1
1.036 1
1.0362 1
1.0364 1
1.0366 1
1.0368 1
1.037 1
1.0372 1
1.0374 1
1.0376 1
1.0378 1
1.038 1
1.0382 1
1.0384 1
1.0386 1
1.0388 1
1.039 1
1.0392 1
1.0394 1
1.0396 1
1.0398 1
1.04 1
1.0402 1
1.0404 1
1.0406 1
1.0408 1
1.041 1
1.0412 1
1.0414 1
1.0416 1
1.0418 1
1.042 1
1.0422 1
1.0424 1
1.0426 1
1.0428 1
1.043 1
1.0432 1
1.0434 1
1.0436 1
1.0438 1
1.044 1
1.0442 1
1.0444 1
1.0446 1
1.0448 1
1.045 1
1.0452 1
1.0454 1
1.0456 1
1.0458 1
1.046 1
1.0462 1
1.0464 1
1.0466 1
1.0468 1
1.047 1
1.0472 1
1.0474 1
1.0476 1
1.0478 1
1.048 1
1.0482 1
1.0484 1
1.0486 1
1.0488 1
1.049 1
1.0492 1
1.0494 1
1.0496 1
1.0498 1
1.05 1
1.0502 1
1.0504 1
1.0506 1
1.0508 1
1.051 1
1.0512 1
1.0514 1
1.0516 1
1.0518 1
1.052 1
1.0522 1
1.0524 1
1.0526 1
1.0528 1
1.053 1
1.0532 1
1.0534 1
1.0536 1
1.0538 1
1.054 1
1.0542 1
1.0544 1
1.0546 1
1.0548 1
1.055 1
1.0552 1
1.0554 1
1.0556 1
1.0558 1
1.056 1
1.0562 1
1.0564 1
1.0566 1
1.0568 1
1.057 1
1.0572 1
1.0574 1
1.0576 1
1.0578 1
1.058 1
1.0582 1
1.0584 1
1.0586 1
1.0588 1
1.059 1
1.0592 1
1.0594 1
1.0596 1
1.0598 1
1.06 1
1.0602 1
1.0604 1
1.0606 1
1.0608 1
1.061 1
1.0612 1
1.0614 1
1.0616 1
1.0618 1
1.062 1
1.0622 1
1.0624 1
1.0626 1
1.0628 1
1.063 1
1.0632 1
1.0634 1
1.0636 1
1.0638 1
1.064 1
1.0642 1
1.0644 1
1.0646 1
1.0648 1
1.065 1
1.0652 1
1.0654 1
1.0656 1
1.0658 1
1.066 1
1.0662 1
1.0664 1
1.0666 1
1.0668 1
1.067 1
1.0672 1
1.0674 1
1.0676 1
1.0678 1
1.068 1
1.0682 1
1.0684 1
1.0686 1
1.0688 1
1.069 1
1.0692 1
1.0694 1
1.0696 1
1.0698 1
1.07 1
1.0702 1
1.0704 1
1.0706 1
1.0708 1
1.071 1
1.0712 1
1.0714 1
1.0716 1
1.0718 1
1.072 1
1.0722 1
1.0724 1
1.0726 1
1.0728 1
1.073 1
1.0732 1
1.0734 1
1.0736 1
1.0738 1
1.074 1
1.0742 1
1.0744 1
1.0746 1
1.0748 1
1.075 1
1.0752 1
1.0754 1
1.0756 1
1.0758 1
1.076 1
1.0762 1
1.0764 1
1.0766 1
1.0768 1
1.077 1
1.0772 1
1.0774 1
1.0776 1
1.0778 1
1.078 1
1.0782 1
1.0784 1
1.0786 1
1.0788 1
1.079 1
1.0792 1
1.0794 1
1.0796 1
1.0798 1
1.08 1
1.0802 1
1.0804 1
1.0806 1
1.0808 1
1.081 1
1.0812 1
1.0814 1
1.0816 1
1.0818 1
1.082 1
1.0822 1
1.0824 1
1.0826 1
1.0828 1
1.083 1
1.0832 1
1.0834 1
1.0836 1
1.0838 1
1.084 1
1.0842 1
1.0844 1
1.0846 1
1.0848 1
1.085 1
1.0852 1
1.0854 1
1.0856 1
1.0858 1
1.086 1
1.0862 1
1.0864 1
1.0866 1
1.0868 1
1.087 1
1.0872 1
1.0874 1
1.0876 1
1.0878 1
1.088 1
1.0882 1
1.0884 1
1.0886 1
1.0888 1
1.089 1
1.0892 1
1.0894 1
1.0896 1
1.0898 1
1.09 1
1.0902 1
1.0904 1
1.0906 1
1.0908 1
1.091 1
1.0912 1
1.0914 1
1.0916 1
1.0918 1
1.092 1
1.0922 1
1.0924 1
1.0926 1
1.0928 1
1.093 1
1.0932 1
1.0934 1
1.0936 1
1.0938 1
1.094 1
1.0942 1
1.0944 1
1.0946 1
1.0948 1
1.095 1
1.0952 1
1.0954 1
1.0956 1
1.0958 1
1.096 1
1.0962 1
1.0964 1
1.0966 1
1.0968 1
1.097 1
1.0972 1
1.0974 1
1.0976 1
1.0978 1
1.098 1
1.0982 1
1.0984 1
1.0986 1
1.0988 1
1.099 1
1.0992 1
1.0994 1
1.0996 1
1.0998 1
1.1 1
1.1002 1
1.1004 1
1.1006 1
1.1008 1
1.101 1
1.1012 1
1.1014 1
1.1016 1
1.1018 1
1.102 1
1.1022 1
1.1024 1
1.1026 1
1.1028 1
1.103 1
1.1032 1
1.1034 1
1.1036 1
1.1038 1
1.104 1
1.1042 1
1.1044 1
1.1046 1
1.1048 1
1.105 1
1.1052 1
1.1054 1
1.1056 1
1.1058 1
1.106 1
1.1062 1
1.1064 1
1.1066 1
1.1068 1
1.107 1
1.1072 1
1.1074 1
1.1076 1
1.1078 1
1.108 1
1.1082 1
1.1084 1
1.1086 1
1.1088 1
1.109 1
1.1092 1
1.1094 1
1.1096 1
1.1098 1
1.11 1
1.1102 1
1.1104 1
1.1106 1
1.1108 1
1.111 1
1.1112 1
1.1114 1
1.1116 1
1.1118 1
1.112 1
1.1122 1
1.1124 1
1.1126 1
1.1128 1
1.113 1
1.1132 1
1.1134 1
1.1136 1
1.1138 1
1.114 1
1.1142 1
1.1144 1
1.1146 1
1.1148 1
1.115 1
1.1152 1
1.1154 1
1.1156 1
1.1158 1
1.116 1
1.1162 1
1.1164 1
1.1166 1
1.1168 1
1.117 1
1.1172 1
1.1174 1
1.1176 1
1.1178 1
1.118 1
1.1182 1
1.1184 1
1.1186 1
1.1188 1
1.119 1
1.1192 1
1.1194 1
1.1196 1
1.1198 1
1.12 1
1.1202 1
1.1204 1
1.1206 1
1.1208 1
1.121 1
1.1212 1
1.1214 1
1.1216 1
1.1218 1
1.122 1
1.1222 1
1.1224 1
1.1226 1
1.1228 1
1.123 1
1.1232 1
1.1234 1
1.1236 1
1.1238 1
1.124 1
1.1242 1
1.1244 1
1.1246 1
1.1248 1
1.125 1
1.1252 1
1.1254 1
1.1256 1
1.1258 1
1.126 1
1.1262 1
1.1264 1
1.1266 1
1.1268 1
1.127 1
1.1272 1
1.1274 1
1.1276 1
1.1278 1
1.128 1
1.1282 1
1.1284 1
1.1286 1
1.1288 1
1.129 1
1.1292 1
1.1294 1
1.1296 1
1.1298 1
1.13 1
1.1302 1
1.1304 1
1.1306 1
1.1308 1
1.131 1
1.1312 1
1.1314 1
1.1316 1
1.1318 1
1.132 1
1.1322 1
1.1324 1
1.1326 1
1.1328 1
1.133 1
1.1332 1
1.1334 1
1.1336 1
1.1338 1
1.134 1
1.1342 1
1.1344 1
1.1346 1
1.1348 1
1.135 1
1.1352 1
1.1354 1
1.1356 1
1.1358 1
1.136 1
1.1362 1
1.1364 1
1.1366 1
1.1368 1
1.137 1
1.1372 1
1.1374 1
1.1376 1
1.1378 1
1.138 1
1.1382 1
1.1384 1
1.1386 1
1.1388 1
1.139 1
1.1392 1
1.1394 1
1.1396 1
1.1398 1
1.14 1
1.1402 1
1.1404 1
1.1406 1
1.1408 1
1.141 1
1.1412 1
1.1414 1
1.1416 1
1.1418 1
1.142 1
1.1422 1
1.1424 1
1.1426 1
1.1428 1
1.143 1
1.1432 1
1.1434 1
1.1436 1
1.1438 1
1.144 1
1.1442 1
1.1444 1
1.1446 1
1.1448 1
1.145 1
1.1452 1
1.1454 1
1.1456 1
1.1458 1
1.146 1
1.1462 1
1.1464 1
1.1466 1
1.1468 1
1.147 1
1.1472 1
1.1474 1
1.1476 1
1.1478 1
1.148 1
1.1482 1
1.1484 1
1.1486 1
1.1488 1
1.149 1
1.1492 1
1.1494 1
1.1496 1
1.1498 1
1.15 1
1.1502 1
1.1504 1
1.1506 1
1.1508 1
1.151 1
1.1512 1
1.1514 1
1.1516 1
1.1518 1
1.152 1
1.1522 1
1.1524 1
1.1526 1
1.1528 1
1.153 1
1.1532 1
1.1534 1
1.1536 1
1.1538 1
1.154 1
1.1542 1
1.1544 1
1.1546 1
1.1548 1
1.155 1
1.1552 1
1.1554 1
1.1556 1
1.1558 1
1.156 1
1.1562 1
1.1564 1
1.1566 1
1.1568 1
1.157 1
1.1572 1
1.1574 1
1.1576 1
1.1578 1
1.158 1
1.1582 1
1.1584 1
1.1586 1
1.1588 1
1.159 1
1.1592 1
1.1594 1
1.1596 1
1.1598 1
1.16 1
1.1602 1
1.1604 1
1.1606 1
1.1608 1
1.161 1
1.1612 1
1.1614 1
1.1616 1
1.1618 1
1.162 1
1.1622 1
1.1624 1
1.1626 1
1.1628 1
1.163 1
1.1632 1
1.1634 1
1.1636 1
1.1638 1
1.164 1
1.1642 1
1.1644 1
1.1646 1
1.1648 1
1.165 1
1.1652 1
1.1654 1
1.1656 1
1.1658 1
1.166 1
1.1662 1
1.1664 1
1.1666 1
1.1668 1
1.167 1
1.1672 1
1.1674 1
1.1676 1
1.1678 1
1.168 1
1.1682 1
1.1684 1
1.1686 1
1.1688 1
1.169 1
1.1692 1
1.1694 1
1.1696 1
1.1698 1
1.17 1
1.1702 1
1.1704 1
1.1706 1
1.1708 1
1.171 1
1.1712 1
1.1714 1
1.1716 1
1.1718 1
1.172 1
1.1722 1
1.1724 1
1.1726 1
1.1728 1
1.173 1
1.1732 1
1.1734 1
1.1736 1
1.1738 1
1.174 1
1.1742 1
1.1744 1
1.1746 1
1.1748 1
1.175 1
1.1752 1
1.1754 1
1.1756 1
1.1758 1
1.176 1
1.1762 1
1.1764 1
1.1766 1
1.1768 1
1.177 1
1.1772 1
1.1774 1
1.1776 1
1.1778 1
1.178 1
1.1782 1
1.1784 1
1.1786 1
1.1788 1
1.179 1
1.1792 1
1.1794 1
1.1796 1
1.1798 1
1.18 1
1.1802 1
1.1804 1
1.1806 1
1.1808 1
1.181 1
1.1812 1
1.1814 1
1.1816 1
1.1818 1
1.182 1
1.1822 1
1.1824 1
1.1826 1
1.1828 1
1.183 1
1.1832 1
1.1834 1
1.1836 1
1.1838 1
1.184 1
1.1842 1
1.1844 1
1.1846 1
1.1848 1
1.185 1
1.1852 1
1.1854 1
1.1856 1
1.1858 1
1.186 1
1.1862 1
1.1864 1
1.1866 1
1.1868 1
1.187 1
1.1872 1
1.1874 1
1.1876 1
1.1878 1
1.188 1
1.1882 1
1.1884 1
1.1886 1
1.1888 1
1.189 1
1.1892 1
1.1894 1
1.1896 1
1.1898 1
1.19 1
1.1902 1
1.1904 1
1.1906 1
1.1908 1
1.191 1
1.1912 1
1.1914 1
1.1916 1
1.1918 1
1.192 1
1.1922 1
1.1924 1
1.1926 1
1.1928 1
1.193 1
1.1932 1
1.1934 1
1.1936 1
1.1938 1
1.194 1
1.1942 1
1.1944 1
1.1946 1
1.1948 1
1.195 1
1.1952 1
1.1954 1
1.1956 1
1.1958 1
1.196 1
1.1962 1
1.1964 1
1.1966 1
1.1968 1
1.197 1
1.1972 1
1.1974 1
1.1976 1
1.1978 1
1.198 1
1.1982 1
1.1984 1
1.1986 1
1.1988 1
1.199 1
1.1992 1
1.1994 1
1.1996 1
1.1998 1
1.2 1
1.2002 1
1.2004 1
1.2006 1
1.2008 1
1.201 1
1.2012 1
1.2014 1
1.2016 1
1.2018 1
1.202 1
1.2022 1
1.2024 1
1.2026 1
1.2028 1
1.203 1
1.2032 1
1.2034 1
1.2036 1
1.2038 1
1.204 1
1.2042 1
1.2044 1
1.2046 1
1.2048 1
1.205 1
1.2052 1
1.2054 1
1.2056 1
1.2058 1
1.206 1
1.2062 1
1.2064 1
1.2066 1
1.2068 1
1.207 1
1.2072 1
1.2074 1
1.2076 1
1.2078 1
1.208 1
1.2082 1
1.2084 1
1.2086 1
1.2088 1
1.209 1
1.2092 1
1.2094 1
1.2096 1
1.2098 1
1.21 1
1.2102 1
1.2104 1
1.2106 1
1.2108 1
1.211 1
1.2112 1
1.2114 1
1.2116 1
1.2118 1
1.212 1
1.2122 1
1.2124 1
1.2126 1
1.2128 1
1.213 1
1.2132 1
1.2134 1
1.2136 1
1.2138 1
1.214 1
1.2142 1
1.2144 1
1.2146 1
1.2148 1
1.215 1
1.2152 1
1.2154 1
1.2156 1
1.2158 1
1.216 1
1.2162 1
1.2164 1
1.2166 1
1.2168 1
1.217 1
1.2172 1
1.2174 1
1.2176 1
1.2178 1
1.218 1
1.2182 1
1.2184 1
1.2186 1
1.2188 1
1.219 1
1.2192 1
1.2194 1
1.2196 1
1.2198 1
1.22 1
1.2202 1
1.2204 1
1.2206 1
1.2208 1
1.221 1
1.2212 1
1.2214 1
1.2216 1
1.2218 1
1.222 1
1.2222 1
1.2224 1
1.2226 1
1.2228 1
1.223 1
1.2232 1
1.2234 1
1.2236 1
1.2238 1
1.224 1
1.2242 1
1.2244 1
1.2246 1
1.2248 1
1.225 1
1.2252 1
1.2254 1
1.2256 1
1.2258 1
1.226 1
1.2262 1
1.2264 1
1.2266 1
1.2268 1
1.227 1
1.2272 1
1.2274 1
1.2276 1
1.2278 1
1.228 1
1.2282 1
1.2284 1
1.2286 1
1.2288 1
1.229 1
1.2292 1
1.2294 1
1.2296 1
1.2298 1
1.23 1
1.2302 1
1.2304 1
1.2306 1
1.2308 1
1.231 1
1.2312 1
1.2314 1
1.2316 1
1.2318 1
1.232 1
1.2322 1
1.2324 1
1.2326 1
1.2328 1
1.233 1
1.2332 1
1.2334 1
1.2336 1
1.2338 1
1.234 1
1.2342 1
1.2344 1
1.2346 1
1.2348 1
1.235 1
1.2352 1
1.2354 1
1.2356 1
1.2358 1
1.236 1
1.2362 1
1.2364 1
1.2366 1
1.2368 1
1.237 1
1.2372 1
1.2374 1
1.2376 1
1.2378 1
1.238 1
1.2382 1
1.2384 1
1.2386 1
1.2388 1
1.239 1
1.2392 1
1.2394 1
1.2396 1
1.2398 1
1.24 1
1.2402 1
1.2404 1
1.2406 1
1.2408 1
1.241 1
1.2412 1
1.2414 1
1.2416 1
1.2418 1
1.242 1
1.2422 1
1.2424 1
1.2426 1
1.2428 1
1.243 1
1.2432 1
1.2434 1
1.2436 1
1.2438 1
1.244 1
1.2442 1
1.2444 1
1.2446 1
1.2448 1
1.245 1
1.2452 1
1.2454 1
1.2456 1
1.2458 1
1.246 1
1.2462 1
1.2464 1
1.2466 1
1.2468 1
1.247 1
1.2472 1
1.2474 1
1.2476 1
1.2478 1
1.248 1
1.2482 1
1.2484 1
1.2486 1
1.2488 1
1.249 1
1.2492 1
1.2494 1
1.2496 1
1.2498 1
1.25 1
1.2502 1
1.2504 1
1.2506 1
1.2508 1
1.251 1
1.2512 1
1.2514 1
1.2516 1
1.2518 1
1.252 1
1.2522 1
1.2524 1
1.2526 1
1.2528 1
1.253 1
1.2532 1
1.2534 1
1.2536 1
1.2538 1
1.254 1
1.2542 1
1.2544 1
1.2546 1
1.2548 1
1.255 1
1.2552 1
1.2554 1
1.2556 1
1.2558 1
1.256 1
1.2562 1
1.2564 1
1.2566 1
1.2568 1
1.257 1
1.2572 1
1.2574 1
1.2576 1
1.2578 1
1.258 1
1.2582 1
1.2584 1
1.2586 1
1.2588 1
1.259 1
1.2592 1
1.2594 1
1.2596 1
1.2598 1
1.26 1
1.2602 1
1.2604 1
1.2606 1
1.2608 1
1.261 1
1.2612 1
1.2614 1
1.2616 1
1.2618 1
1.262 1
1.2622 1
1.2624 1
1.2626 1
1.2628 1
1.263 1
1.2632 1
1.2634 1
1.2636 1
1.2638 1
1.264 1
1.2642 1
1.2644 1
1.2646 1
1.2648 1
1.265 1
1.2652 1
1.2654 1
1.2656 1
1.2658 1
1.266 1
1.2662 1
1.2664 1
1.2666 1
1.2668 1
1.267 1
1.2672 1
1.2674 1
1.2676 1
1.2678 1
1.268 1
1.2682 1
1.2684 1
1.2686 1
1.2688 1
1.269 1
1.2692 1
1.2694 1
1.2696 1
1.2698 1
1.27 1
1.2702 1
1.2704 1
1.2706 1
1.2708 1
1.271 1
1.2712 1
1.2714 1
1.2716 1
1.2718 1
1.272 1
1.2722 1
1.2724 1
1.2726 1
1.2728 1
1.273 1
1.2732 1
1.2734 1
1.2736 1
1.2738 1
1.274 1
1.2742 1
1.2744 1
1.2746 1
1.2748 1
1.275 1
1.2752 1
1.2754 1
1.2756 1
1.2758 1
1.276 1
1.2762 1
1.2764 1
1.2766 1
1.2768 1
1.277 1
1.2772 1
1.2774 1
1.2776 1
1.2778 1
1.278 1
1.2782 1
1.2784 1
1.2786 1
1.2788 1
1.279 1
1.2792 1
1.2794 1
1.2796 1
1.2798 1
1.28 1
1.2802 1
1.2804 1
1.2806 1
1.2808 1
1.281 1
1.2812 1
1.2814 1
1.2816 1
1.2818 1
1.282 1
1.2822 1
1.2824 1
1.2826 1
1.2828 1
1.283 1
1.2832 1
1.2834 1
1.2836 1
1.2838 1
1.284 1
1.2842 1
1.2844 1
1.2846 1
1.2848 1
1.285 1
1.2852 1
1.2854 1
1.2856 1
1.2858 1
1.286 1
1.2862 1
1.2864 1
1.2866 1
1.2868 1
1.287 1
1.2872 1
1.2874 1
1.2876 1
1.2878 1
1.288 1
1.2882 1
1.2884 1
1.2886 1
1.2888 1
1.289 1
1.2892 1
1.2894 1
1.2896 1
1.2898 1
1.29 1
1.2902 1
1.2904 1
1.2906 1
1.2908 1
1.291 1
1.2912 1
1.2914 1
1.2916 1
1.2918 1
1.292 1
1.2922 1
1.2924 1
1.2926 1
1.2928 1
1.293 1
1.2932 1
1.2934 1
1.2936 1
1.2938 1
1.294 1
1.2942 1
1.2944 1
1.2946 1
1.2948 1
1.295 1
1.2952 1
1.2954 1
1.2956 1
1.2958 1
1.296 1
1.2962 1
1.2964 1
1.2966 1
1.2968 1
1.297 1
1.2972 1
1.2974 1
1.2976 1
1.2978 1
1.298 1
1.2982 1
1.2984 1
1.2986 1
1.2988 1
1.299 1
1.2992 1
1.2994 1
1.2996 1
1.2998 1
1.3 1
1.3002 1
1.3004 1
1.3006 1
1.3008 1
1.301 1
1.3012 1
1.3014 1
1.3016 1
1.3018 1
1.302 1
1.3022 1
1.3024 1
1.3026 1
1.3028 1
1.303 1
1.3032 1
1.3034 1
1.3036 1
1.3038 1
1.304 1
1.3042 1
1.3044 1
1.3046 1
1.3048 1
1.305 1
1.3052 1
1.3054 1
1.3056 1
1.3058 1
1.306 1
1.3062 1
1.3064 1
1.3066 1
1.3068 1
1.307 1
1.3072 1
1.3074 1
1.3076 1
1.3078 1
1.308 1
1.3082 1
1.3084 1
1.3086 1
1.3088 1
1.309 1
1.3092 1
1.3094 1
1.3096 1
1.3098 1
1.31 1
1.3102 1
1.3104 1
1.3106 1
1.3108 1
1.311 1
1.3112 1
1.3114 1
1.3116 1
1.3118 1
1.312 1
1.3122 1
1.3124 1
1.3126 1
1.3128 1
1.313 1
1.3132 1
1.3134 1
1.3136 1
1.3138 1
1.314 1
1.3142 1
1.3144 1
1.3146 1
1.3148 1
1.315 1
1.3152 1
1.3154 1
1.3156 1
1.3158 1
1.316 1
1.3162 1
1.3164 1
1.3166 1
1.3168 1
1.317 1
1.3172 1
1.3174 1
1.3176 1
1.3178 1
1.318 1
1.3182 1
1.3184 1
1.3186 1
1.3188 1
1.319 1
1.3192 1
1.3194 1
1.3196 1
1.3198 1
1.32 1
1.3202 1
1.3204 1
1.3206 1
1.3208 1
1.321 1
1.3212 1
1.3214 1
1.3216 1
1.3218 1
1.322 1
1.3222 1
1.3224 1
1.3226 1
1.3228 1
1.323 1
1.3232 1
1.3234 1
1.3236 1
1.3238 1
1.324 1
1.3242 1
1.3244 1
1.3246 1
1.3248 1
1.325 1
1.3252 1
1.3254 1
1.3256 1
1.3258 1
1.326 1
1.3262 1
1.3264 1
1.3266 1
1.3268 1
1.327 1
1.3272 1
1.3274 1
1.3276 1
1.3278 1
1.328 1
1.3282 1
1.3284 1
1.3286 1
1.3288 1
1.329 1
1.3292 1
1.3294 1
1.3296 1
1.3298 1
1.33 1
1.3302 1
1.3304 1
1.3306 1
1.3308 1
1.331 1
1.3312 1
1.3314 1
1.3316 1
1.3318 1
1.332 1
1.3322 1
1.3324 1
1.3326 1
1.3328 1
1.333 1
1.3332 1
1.3334 1
1.3336 1
1.3338 1
1.334 1
1.3342 1
1.3344 1
1.3346 1
1.3348 1
1.335 1
1.3352 1
1.3354 1
1.3356 1
1.3358 1
1.336 1
1.3362 1
1.3364 1
1.3366 1
1.3368 1
1.337 1
1.3372 1
1.3374 1
1.3376 1
1.3378 1
1.338 1
1.3382 1
1.3384 1
1.3386 1
1.3388 1
1.339 1
1.3392 1
1.3394 1
1.3396 1
1.3398 1
1.34 1
1.3402 1
1.3404 1
1.3406 1
1.3408 1
1.341 1
1.3412 1
1.3414 1
1.3416 1
1.3418 1
1.342 1
1.3422 1
1.3424 1
1.3426 1
1.3428 1
1.343 1
1.3432 1
1.3434 1
1.3436 1
1.3438 1
1.344 1
1.3442 1
1.3444 1
1.3446 1
1.3448 1
1.345 1
1.3452 1
1.3454 1
1.3456 1
1.3458 1
1.346 1
1.3462 1
1.3464 1
1.3466 1
1.3468 1
1.347 1
1.3472 1
1.3474 1
1.3476 1
1.3478 1
1.348 1
1.3482 1
1.3484 1
1.3486 1
1.3488 1
1.349 1
1.3492 1
1.3494 1
1.3496 1
1.3498 1
1.35 1
1.3502 1
1.3504 1
1.3506 1
1.3508 1
1.351 1
1.3512 1
1.3514 1
1.3516 1
1.3518 1
1.352 1
1.3522 1
1.3524 1
1.3526 1
1.3528 1
1.353 1
1.3532 1
1.3534 1
1.3536 1
1.3538 1
1.354 1
1.3542 1
1.3544 1
1.3546 1
1.3548 1
1.355 1
1.3552 1
1.3554 1
1.3556 1
1.3558 1
1.356 1
1.3562 1
1.3564 1
1.3566 1
1.3568 1
1.357 1
1.3572 1
1.3574 1
1.3576 1
1.3578 1
1.358 1
1.3582 1
1.3584 1
1.3586 1
1.3588 1
1.359 1
1.3592 1
1.3594 1
1.3596 1
1.3598 1
1.36 1
1.3602 1
1.3604 1
1.3606 1
1.3608 1
1.361 1
1.3612 1
1.3614 1
1.3616 1
1.3618 1
1.362 1
1.3622 1
1.3624 1
1.3626 1
1.3628 1
1.363 1
1.3632 1
1.3634 1
1.3636 1
1.3638 1
1.364 1
1.3642 1
1.3644 1
1.3646 1
1.3648 1
1.365 1
1.3652 1
1.3654 1
1.3656 1
1.3658 1
1.366 1
1.3662 1
1.3664 1
1.3666 1
1.3668 1
1.367 1
1.3672 1
1.3674 1
1.3676 1
1.3678 1
1.368 1
1.3682 1
1.3684 1
1.3686 1
1.3688 1
1.369 1
1.3692 1
1.3694 1
1.3696 1
1.3698 1
1.37 1
1.3702 1
1.3704 1
1.3706 1
1.3708 1
1.371 1
1.3712 1
1.3714 1
1.3716 1
1.3718 1
1.372 1
1.3722 1
1.3724 1
1.3726 1
1.3728 1
1.373 1
1.3732 1
1.3734 1
1.3736 1
1.3738 1
1.374 1
1.3742 1
1.3744 1
1.3746 1
1.3748 1
1.375 1
1.3752 1
1.3754 1
1.3756 1
1.3758 1
1.376 1
1.3762 1
1.3764 1
1.3766 1
1.3768 1
1.377 1
1.3772 1
1.3774 1
1.3776 1
1.3778 1
1.378 1
1.3782 1
1.3784 1
1.3786 1
1.3788 1
1.379 1
1.3792 1
1.3794 1
1.3796 1
1.3798 1
1.38 1
1.3802 1
1.3804 1
1.3806 1
1.3808 1
1.381 1
1.3812 1
1.3814 1
1.3816 1
1.3818 1
1.382 1
1.3822 1
1.3824 1
1.3826 1
1.3828 1
1.383 1
1.3832 1
1.3834 1
1.3836 1
1.3838 1
1.384 1
1.3842 1
1.3844 1
1.3846 1
1.3848 1
1.385 1
1.3852 1
1.3854 1
1.3856 1
1.3858 1
1.386 1
1.3862 1
1.3864 1
1.3866 1
1.3868 1
1.387 1
1.3872 1
1.3874 1
1.3876 1
1.3878 1
1.388 1
1.3882 1
1.3884 1
1.3886 1
1.3888 1
1.389 1
1.3892 1
1.3894 1
1.3896 1
1.3898 1
1.39 1
1.3902 1
1.3904 1
1.3906 1
1.3908 1
1.391 1
1.3912 1
1.3914 1
1.3916 1
1.3918 1
1.392 1
1.3922 1
1.3924 1
1.3926 1
1.3928 1
1.393 1
1.3932 1
1.3934 1
1.3936 1
1.3938 1
1.394 1
1.3942 1
1.3944 1
1.3946 1
1.3948 1
1.395 1
1.3952 1
1.3954 1
1.3956 1
1.3958 1
1.396 1
1.3962 1
1.3964 1
1.3966 1
1.3968 1
1.397 1
1.3972 1
1.3974 1
1.3976 1
1.3978 1
1.398 1
1.3982 1
1.3984 1
1.3986 1
1.3988 1
1.399 1
1.3992 1
1.3994 1
1.3996 1
1.3998 1
1.4 1
1.4002 1
1.4004 1
1.4006 1
1.4008 1
1.401 1
1.4012 1
1.4014 1
1.4016 1
1.4018 1
1.402 1
1.4022 1
1.4024 1
1.4026 1
1.4028 1
1.403 1
1.4032 1
1.4034 1
1.4036 1
1.4038 1
1.404 1
1.4042 1
1.4044 1
1.4046 1
1.4048 1
1.405 1
1.4052 1
1.4054 1
1.4056 1
1.4058 1
1.406 1
1.4062 1
1.4064 1
1.4066 1
1.4068 1
1.407 1
1.4072 1
1.4074 1
1.4076 1
1.4078 1
1.408 1
1.4082 1
1.4084 1
1.4086 1
1.4088 1
1.409 1
1.4092 1
1.4094 1
1.4096 1
1.4098 1
1.41 1
1.4102 1
1.4104 1
1.4106 1
1.4108 1
1.411 1
1.4112 1
1.4114 1
1.4116 1
1.4118 1
1.412 1
1.4122 1
1.4124 1
1.4126 1
1.4128 1
1.413 1
1.4132 1
1.4134 1
1.4136 1
1.4138 1
1.414 1
1.4142 1
1.4144 1
1.4146 1
1.4148 1
1.415 1
1.4152 1
1.4154 1
1.4156 1
1.4158 1
1.416 1
1.4162 1
1.4164 1
1.4166 1
1.4168 1
1.417 1
1.4172 1
1.4174 1
1.4176 1
1.4178 1
1.418 1
1.4182 1
1.4184 1
1.4186 1
1.4188 1
1.419 1
1.4192 1
1.4194 1
1.4196 1
1.4198 1
1.42 1
1.4202 1
1.4204 1
1.4206 1
1.4208 1
1.421 1
1.4212 1
1.4214 1
1.4216 1
1.4218 1
1.422 1
1.4222 1
1.4224 1
1.4226 1
1.4228 1
1.423 1
1.4232 1
1.4234 1
1.4236 1
1.4238 1
1.424 1
1.4242 1
1.4244 1
1.4246 1
1.4248 1
1.425 1
1.4252 1
1.4254 1
1.4256 1
1.4258 1
1.426 1
1.4262 1
1.4264 1
1.4266 1
1.4268 1
1.427 1
1.4272 1
1.4274 1
1.4276 1
1.4278 1
1.428 1
1.4282 1
1.4284 1
1.4286 1
1.4288 1
1.429 1
1.4292 1
1.4294 1
1.4296 1
1.4298 1
1.43 1
1.4302 1
1.4304 1
1.4306 1
1.4308 1
1.431 1
1.4312 1
1.4314 1
1.4316 1
1.4318 1
1.432 1
1.4322 1
1.4324 1
1.4326 1
1.4328 1
1.433 1
1.4332 1
1.4334 1
1.4336 1
1.4338 1
1.434 1
1.4342 1
1.4344 1
1.4346 1
1.4348 1
1.435 1
1.4352 1
1.4354 1
1.4356 1
1.4358 1
1.436 1
1.4362 1
1.4364 1
1.4366 1
1.4368 1
1.437 1
1.4372 1
1.4374 1
1.4376 1
1.4378 1
1.438 1
1.4382 1
1.4384 1
1.4386 1
1.4388 1
1.439 1
1.4392 1
1.4394 1
1.4396 1
1.4398 1
1.44 1
1.4402 1
1.4404 1
1.4406 1
1.4408 1
1.441 1
1.4412 1
1.4414 1
1.4416 1
1.4418 1
1.442 1
1.4422 1
1.4424 1
1.4426 1
1.4428 1
1.443 1
1.4432 1
1.4434 1
1.4436 1
1.4438 1
1.444 1
1.4442 1
1.4444 1
1.4446 1
1.4448 1
1.445 1
1.4452 1
1.4454 1
1.4456 1
1.4458 1
1.446 1
1.4462 1
1.4464 1
1.4466 1
1.4468 1
1.447 1
1.4472 1
1.4474 1
1.4476 1
1.4478 1
1.448 1
1.4482 1
1.4484 1
1.4486 1
1.4488 1
1.449 1
1.4492 1
1.4494 1
1.4496 1
1.4498 1
1.45 1
1.4502 1
1.4504 1
1.4506 1
1.4508 1
1.451 1
1.4512 1
1.4514 1
1.4516 1
1.4518 1
1.452 1
1.4522 1
1.4524 1
1.4526 1
1.4528 1
1.453 1
1.4532 1
1.4534 1
1.4536 1
1.4538 1
1.454 1
1.4542 1
1.4544 1
1.4546 1
1.4548 1
1.455 1
1.4552 1
1.4554 1
1.4556 1
1.4558 1
1.456 1
1.4562 1
1.4564 1
1.4566 1
1.4568 1
1.457 1
1.4572 1
1.4574 1
1.4576 1
1.4578 1
1.458 1
1.4582 1
1.4584 1
1.4586 1
1.4588 1
1.459 1
1.4592 1
1.4594 1
1.4596 1
1.4598 1
1.46 1
1.4602 1
1.4604 1
1.4606 1
1.4608 1
1.461 1
1.4612 1
1.4614 1
1.4616 1
1.4618 1
1.462 1
1.4622 1
1.4624 1
1.4626 1
1.4628 1
1.463 1
1.4632 1
1.4634 1
1.4636 1
1.4638 1
1.464 1
1.4642 1
1.4644 1
1.4646 1
1.4648 1
1.465 1
1.4652 1
1.4654 1
1.4656 1
1.4658 1
1.466 1
1.4662 1
1.4664 1
1.4666 1
1.4668 1
1.467 1
1.4672 1
1.4674 1
1.4676 1
1.4678 1
1.468 1
1.4682 1
1.4684 1
1.4686 1
1.4688 1
1.469 1
1.4692 1
1.4694 1
1.4696 1
1.4698 1
1.47 1
1.4702 1
1.4704 1
1.4706 1
1.4708 1
1.471 1
1.4712 1
1.4714 1
1.4716 1
1.4718 1
1.472 1
1.4722 1
1.4724 1
1.4726 1
1.4728 1
1.473 1
1.4732 1
1.4734 1
1.4736 1
1.4738 1
1.474 1
1.4742 1
1.4744 1
1.4746 1
1.4748 1
1.475 1
1.4752 1
1.4754 1
1.4756 1
1.4758 1
1.476 1
1.4762 1
1.4764 1
1.4766 1
1.4768 1
1.477 1
1.4772 1
1.4774 1
1.4776 1
1.4778 1
1.478 1
1.4782 1
1.4784 1
1.4786 1
1.4788 1
1.479 1
1.4792 1
1.4794 1
1.4796 1
1.4798 1
1.48 1
1.4802 1
1.4804 1
1.4806 1
1.4808 1
1.481 1
1.4812 1
1.4814 1
1.4816 1
1.4818 1
1.482 1
1.4822 1
1.4824 1
1.4826 1
1.4828 1
1.483 1
1.4832 1
1.4834 1
1.4836 1
1.4838 1
1.484 1
1.4842 1
1.4844 1
1.4846 1
1.4848 1
1.485 1
1.4852 1
1.4854 1
1.4856 1
1.4858 1
1.486 1
1.4862 1
1.4864 1
1.4866 1
1.4868 1
1.487 1
1.4872 1
1.4874 1
1.4876 1
1.4878 1
1.488 1
1.4882 1
1.4884 1
1.4886 1
1.4888 1
1.489 1
1.4892 1
1.4894 1
1.4896 1
1.4898 1
1.49 1
1.4902 1
1.4904 1
1.4906 1
1.4908 1
1.491 1
1.4912 1
1.4914 1
1.4916 1
1.4918 1
1.492 1
1.4922 1
1.4924 1
1.4926 1
1.4928 1
1.493 1
1.4932 1
1.4934 1
1.4936 1
1.4938 1
1.494 1
1.4942 1
1.4944 1
1.4946 1
1.4948 1
1.495 1
1.4952 1
1.4954 1
1.4956 1
1.4958 1
1.496 1
1.4962 1
1.4964 1
1.4966 1
1.4968 1
1.497 1
1.4972 1
1.4974 1
1.4976 1
1.4978 1
1.498 1
1.4982 1
1.4984 1
1.4986 1
1.4988 1
1.499 1
1.4992 1
1.4994 1
1.4996 1
1.4998 1
1.5 1
1.5002 1
1.5004 1
1.5006 1
1.5008 1
1.501 1
1.5012 1
1.5014 1
1.5016 1
1.5018 1
1.502 1
1.5022 1
1.5024 1
1.5026 1
1.5028 1
1.503 1
1.5032 1
1.5034 1
1.5036 1
1.5038 1
1.504 1
1.5042 1
1.5044 1
1.5046 1
1.5048 1
1.505 1
1.5052 1
1.5054 1
1.5056 1
1.5058 1
1.506 1
1.5062 1
1.5064 1
1.5066 1
1.5068 1
1.507 1
1.5072 1
1.5074 1
1.5076 1
1.5078 1
1.508 1
1.5082 1
1.5084 1
1.5086 1
1.5088 1
1.509 1
1.5092 1
1.5094 1
1.5096 1
1.5098 1
1.51 1
1.5102 1
1.5104 1
1.5106 1
1.5108 1
1.511 1
1.5112 1
1.5114 1
1.5116 1
1.5118 1
1.512 1
1.5122 1
1.5124 1
1.5126 1
1.5128 1
1.513 1
1.5132 1
1.5134 1
1.5136 1
1.5138 1
1.514 1
1.5142 1
1.5144 1
1.5146 1
1.5148 1
1.515 1
1.5152 1
1.5154 1
1.5156 1
1.5158 1
1.516 1
1.5162 1
1.5164 1
1.5166 1
1.5168 1
1.517 1
1.5172 1
1.5174 1
1.5176 1
1.5178 1
1.518 1
1.5182 1
1.5184 1
1.5186 1
1.5188 1
1.519 1
1.5192 1
1.5194 1
1.5196 1
1.5198 1
1.52 1
1.5202 1
1.5204 1
1.5206 1
1.5208 1
1.521 1
1.5212 1
1.5214 1
1.5216 1
1.5218 1
1.522 1
1.5222 1
1.5224 1
1.5226 1
1.5228 1
1.523 1
1.5232 1
1.5234 1
1.5236 1
1.5238 1
1.524 1
1.5242 1
1.5244 1
1.5246 1
1.5248 1
1.525 1
1.5252 1
1.5254 1
1.5256 1
1.5258 1
1.526 1
1.5262 1
1.5264 1
1.5266 1
1.5268 1
1.527 1
1.5272 1
1.5274 1
1.5276 1
1.5278 1
1.528 1
1.5282 1
1.5284 1
1.5286 1
1.5288 1
1.529 1
1.5292 1
1.5294 1
1.5296 1
1.5298 1
1.53 1
1.5302 1
1.5304 1
1.5306 1
1.5308 1
1.531 1
1.5312 1
1.5314 1
1.5316 1
1.5318 1
1.532 1
1.5322 1
1.5324 1
1.5326 1
1.5328 1
1.533 1
1.5332 1
1.5334 1
1.5336 1
1.5338 1
1.534 1
1.5342 1
1.5344 1
1.5346 1
1.5348 1
1.535 1
1.5352 1
1.5354 1
1.5356 1
1.5358 1
1.536 1
1.5362 1
1.5364 1
1.5366 1
1.5368 1
1.537 1
1.5372 1
1.5374 1
1.5376 1
1.5378 1
1.538 1
1.5382 1
1.5384 1
1.5386 1
1.5388 1
1.539 1
1.5392 1
1.5394 1
1.5396 1
1.5398 1
1.54 1
1.5402 1
1.5404 1
1.5406 1
1.5408 1
1.541 1
1.5412 1
1.5414 1
1.5416 1
1.5418 1
1.542 1
1.5422 1
1.5424 1
1.5426 1
1.5428 1
1.543 1
1.5432 1
1.5434 1
1.5436 1
1.5438 1
1.544 1
1.5442 1
1.5444 1
1.5446 1
1.5448 1
1.545 1
1.5452 1
1.5454 1
1.5456 1
1.5458 1
1.546 1
1.5462 1
1.5464 1
1.5466 1
1.5468 1
1.547 1
1.5472 1
1.5474 1
1.5476 1
1.5478 1
1.548 1
1.5482 1
1.5484 1
1.5486 1
1.5488 1
1.549 1
1.5492 1
1.5494 1
1.5496 1
1.5498 1
1.55 1
1.5502 1
1.5504 1
1.5506 1
1.5508 1
1.551 1
1.5512 1
1.5514 1
1.5516 1
1.5518 1
1.552 1
1.5522 1
1.5524 1
1.5526 1
1.5528 1
1.553 1
1.5532 1
1.5534 1
1.5536 1
1.5538 1
1.554 1
1.5542 1
1.5544 1
1.5546 1
1.5548 1
1.555 1
1.5552 1
1.5554 1
1.5556 1
1.5558 1
1.556 1
1.5562 1
1.5564 1
1.5566 1
1.5568 1
1.557 1
1.5572 1
1.5574 1
1.5576 1
1.5578 1
1.558 1
1.5582 1
1.5584 1
1.5586 1
1.5588 1
1.559 1
1.5592 1
1.5594 1
1.5596 1
1.5598 1
1.56 1
1.5602 1
1.5604 1
1.5606 1
1.5608 1
1.561 1
1.5612 1
1.5614 1
1.5616 1
1.5618 1
1.562 1
1.5622 1
1.5624 1
1.5626 1
1.5628 1
1.563 1
1.5632 1
1.5634 1
1.5636 1
1.5638 1
1.564 1
1.5642 1
1.5644 1
1.5646 1
1.5648 1
1.565 1
1.5652 1
1.5654 1
1.5656 1
1.5658 1
1.566 1
1.5662 1
1.5664 1
1.5666 1
1.5668 1
1.567 1
1.5672 1
1.5674 1
1.5676 1
1.5678 1
1.568 1
1.5682 1
1.5684 1
1.5686 1
1.5688 1
1.569 1
1.5692 1
1.5694 1
1.5696 1
1.5698 1
1.57 1
1.5702 1
1.5704 1
1.5706 1
1.5708 1
1.571 1
1.5712 1
1.5714 1
1.5716 1
1.5718 1
1.572 1
1.5722 1
1.5724 1
1.5726 1
1.5728 1
1.573 1
1.5732 1
1.5734 1
1.5736 1
1.5738 1
1.574 1
1.5742 1
1.5744 1
1.5746 1
1.5748 1
1.575 1
1.5752 1
1.5754 1
1.5756 1
1.5758 1
1.576 1
1.5762 1
1.5764 1
1.5766 1
1.5768 1
1.577 1
1.5772 1
1.5774 1
1.5776 1
1.5778 1
1.578 1
1.5782 1
1.5784 1
1.5786 1
1.5788 1
1.579 1
1.5792 1
1.5794 1
1.5796 1
1.5798 1
1.58 1
1.5802 1
1.5804 1
1.5806 1
1.5808 1
1.581 1
1.5812 1
1.5814 1
1.5816 1
1.5818 1
1.582 1
1.5822 1
1.5824 1
1.5826 1
1.5828 1
1.583 1
1.5832 1
1.5834 1
1.5836 1
1.5838 1
1.584 1
1.5842 1
1.5844 1
1.5846 1
1.5848 1
1.585 1
1.5852 1
1.5854 1
1.5856 1
1.5858 1
1.586 1
1.5862 1
1.5864 1
1.5866 1
1.5868 1
1.587 1
1.5872 1
1.5874 1
1.5876 1
1.5878 1
1.588 1
1.5882 1
1.5884 1
1.5886 1
1.5888 1
1.589 1
1.5892 1
1.5894 1
1.5896 1
1.5898 1
1.59 1
1.5902 1
1.5904 1
1.5906 1
1.5908 1
1.591 1
1.5912 1
1.5914 1
1.5916 1
1.5918 1
1.592 1
1.5922 1
1.5924 1
1.5926 1
1.5928 1
1.593 1
1.5932 1
1.5934 1
1.5936 1
1.5938 1
1.594 1
1.5942 1
1.5944 1
1.5946 1
1.5948 1
1.595 1
1.5952 1
1.5954 1
1.5956 1
1.5958 1
1.596 1
1.5962 1
1.5964 1
1.5966 1
1.5968 1
1.597 1
1.5972 1
1.5974 1
1.5976 1
1.5978 1
1.598 1
1.5982 1
1.5984 1
1.5986 1
1.5988 1
1.599 1
1.5992 1
1.5994 1
1.5996 1
1.5998 1
1.6 1
1.6002 1
1.6004 1
1.6006 1
1.6008 1
1.601 1
1.6012 1
1.6014 1
1.6016 1
1.6018 1
1.602 1
1.6022 1
1.6024 1
1.6026 1
1.6028 1
1.603 1
1.6032 1
1.6034 1
1.6036 1
1.6038 1
1.604 1
1.6042 1
1.6044 1
1.6046 1
1.6048 1
1.605 1
1.6052 1
1.6054 1
1.6056 1
1.6058 1
1.606 1
1.6062 1
1.6064 1
1.6066 1
1.6068 1
1.607 1
1.6072 1
1.6074 1
1.6076 1
1.6078 1
1.608 1
1.6082 1
1.6084 1
1.6086 1
1.6088 1
1.609 1
1.6092 1
1.6094 1
1.6096 1
1.6098 1
1.61 1
1.6102 1
1.6104 1
1.6106 1
1.6108 1
1.611 1
1.6112 1
1.6114 1
1.6116 1
1.6118 1
1.612 1
1.6122 1
1.6124 1
1.6126 1
1.6128 1
1.613 1
1.6132 1
1.6134 1
1.6136 1
1.6138 1
1.614 1
1.6142 1
1.6144 1
1.6146 1
1.6148 1
1.615 1
1.6152 1
1.6154 1
1.6156 1
1.6158 1
1.616 1
1.6162 1
1.6164 1
1.6166 1
1.6168 1
1.617 1
1.6172 1
1.6174 1
1.6176 1
1.6178 1
1.618 1
1.6182 1
1.6184 1
1.6186 1
1.6188 1
1.619 1
1.6192 1
1.6194 1
1.6196 1
1.6198 1
1.62 1
1.6202 1
1.6204 1
1.6206 1
1.6208 1
1.621 1
1.6212 1
1.6214 1
1.6216 1
1.6218 1
1.622 1
1.6222 1
1.6224 1
1.6226 1
1.6228 1
1.623 1
1.6232 1
1.6234 1
1.6236 1
1.6238 1
1.624 1
1.6242 1
1.6244 1
1.6246 1
1.6248 1
1.625 1
1.6252 1
1.6254 1
1.6256 1
1.6258 1
1.626 1
1.6262 1
1.6264 1
1.6266 1
1.6268 1
1.627 1
1.6272 1
1.6274 1
1.6276 1
1.6278 1
1.628 1
1.6282 1
1.6284 1
1.6286 1
1.6288 1
1.629 1
1.6292 1
1.6294 1
1.6296 1
1.6298 1
1.63 1
1.6302 1
1.6304 1
1.6306 1
1.6308 1
1.631 1
1.6312 1
1.6314 1
1.6316 1
1.6318 1
1.632 1
1.6322 1
1.6324 1
1.6326 1
1.6328 1
1.633 1
1.6332 1
1.6334 1
1.6336 1
1.6338 1
1.634 1
1.6342 1
1.6344 1
1.6346 1
1.6348 1
1.635 1
1.6352 1
1.6354 1
1.6356 1
1.6358 1
1.636 1
1.6362 1
1.6364 1
1.6366 1
1.6368 1
1.637 1
1.6372 1
1.6374 1
1.6376 1
1.6378 1
1.638 1
1.6382 1
1.6384 1
1.6386 1
1.6388 1
1.639 1
1.6392 1
1.6394 1
1.6396 1
1.6398 1
1.64 1
1.6402 1
1.6404 1
1.6406 1
1.6408 1
1.641 1
1.6412 1
1.6414 1
1.6416 1
1.6418 1
1.642 1
1.6422 1
1.6424 1
1.6426 1
1.6428 1
1.643 1
1.6432 1
1.6434 1
1.6436 1
1.6438 1
1.644 1
1.6442 1
1.6444 1
1.6446 1
1.6448 1
1.645 1
1.6452 1
1.6454 1
1.6456 1
1.6458 1
1.646 1
1.6462 1
1.6464 1
1.6466 1
1.6468 1
1.647 1
1.6472 1
1.6474 1
1.6476 1
1.6478 1
1.648 1
1.6482 1
1.6484 1
1.6486 1
1.6488 1
1.649 1
1.6492 1
1.6494 1
1.6496 1
1.6498 1
1.65 1
1.6502 1
1.6504 1
1.6506 1
1.6508 1
1.651 1
1.6512 1
1.6514 1
1.6516 1
1.6518 1
1.652 1
1.6522 1
1.6524 1
1.6526 1
1.6528 1
1.653 1
1.6532 1
1.6534 1
1.6536 1
1.6538 1
1.654 1
1.6542 1
1.6544 1
1.6546 1
1.6548 1
1.655 1
1.6552 1
1.6554 1
1.6556 1
1.6558 1
1.656 1
1.6562 1
1.6564 1
1.6566 1
1.6568 1
1.657 1
1.6572 1
1.6574 1
1.6576 1
1.6578 1
1.658 1
1.6582 1
1.6584 1
1.6586 1
1.6588 1
1.659 1
1.6592 1
1.6594 1
1.6596 1
1.6598 1
1.66 1
1.6602 1
1.6604 1
1.6606 1
1.6608 1
1.661 1
1.6612 1
1.6614 1
1.6616 1
1.6618 1
1.662 1
1.6622 1
1.6624 1
1.6626 1
1.6628 1
1.663 1
1.6632 1
1.6634 1
1.6636 1
1.6638 1
1.664 1
1.6642 1
1.6644 1
1.6646 1
1.6648 1
1.665 1
1.6652 1
1.6654 1
1.6656 1
1.6658 1
1.666 1
1.6662 1
1.6664 1
1.6666 1
1.6668 1
1.667 1
1.6672 1
1.6674 1
1.6676 1
1.6678 1
1.668 1
1.6682 1
1.6684 1
1.6686 1
1.6688 1
1.669 1
1.6692 1
1.6694 1
1.6696 1
1.6698 1
1.67 1
1.6702 1
1.6704 1
1.6706 1
1.6708 1
1.671 1
1.6712 1
1.6714 1
1.6716 1
1.6718 1
1.672 1
1.6722 1
1.6724 1
1.6726 1
1.6728 1
1.673 1
1.6732 1
1.6734 1
1.6736 1
1.6738 1
1.674 1
1.6742 1
1.6744 1
1.6746 1
1.6748 1
1.675 1
1.6752 1
1.6754 1
1.6756 1
1.6758 1
1.676 1
1.6762 1
1.6764 1
1.6766 1
1.6768 1
1.677 1
1.6772 1
1.6774 1
1.6776 1
1.6778 1
1.678 1
1.6782 1
1.6784 1
1.6786 1
1.6788 1
1.679 1
1.6792 1
1.6794 1
1.6796 1
1.6798 1
1.68 1
1.6802 1
1.6804 1
1.6806 1
1.6808 1
1.681 1
1.6812 1
1.6814 1
1.6816 1
1.6818 1
1.682 1
1.6822 1
1.6824 1
1.6826 1
1.6828 1
1.683 1
1.6832 1
1.6834 1
1.6836 1
1.6838 1
1.684 1
1.6842 1
1.6844 1
1.6846 1
1.6848 1
1.685 1
1.6852 1
1.6854 1
1.6856 1
1.6858 1
1.686 1
1.6862 1
1.6864 1
1.6866 1
1.6868 1
1.687 1
1.6872 1
1.6874 1
1.6876 1
1.6878 1
1.688 1
1.6882 1
1.6884 1
1.6886 1
1.6888 1
1.689 1
1.6892 1
1.6894 1
1.6896 1
1.6898 1
1.69 1
1.6902 1
1.6904 1
1.6906 1
1.6908 1
1.691 1
1.6912 1
1.6914 1
1.6916 1
1.6918 1
1.692 1
1.6922 1
1.6924 1
1.6926 1
1.6928 1
1.693 1
1.6932 1
1.6934 1
1.6936 1
1.6938 1
1.694 1
1.6942 1
1.6944 1
1.6946 1
1.6948 1
1.695 1
1.6952 1
1.6954 1
1.6956 1
1.6958 1
1.696 1
1.6962 1
1.6964 1
1.6966 1
1.6968 1
1.697 1
1.6972 1
1.6974 1
1.6976 1
1.6978 1
1.698 1
1.6982 1
1.6984 1
1.6986 1
1.6988 1
1.699 1
1.6992 1
1.6994 1
1.6996 1
1.6998 1
1.7 1
1.7002 1
1.7004 1
1.7006 1
1.7008 1
1.701 1
1.7012 1
1.7014 1
1.7016 1
1.7018 1
1.702 1
1.7022 1
1.7024 1
1.7026 1
1.7028 1
1.703 1
1.7032 1
1.7034 1
1.7036 1
1.7038 1
1.704 1
1.7042 1
1.7044 1
1.7046 1
1.7048 1
1.705 1
1.7052 1
1.7054 1
1.7056 1
1.7058 1
1.706 1
1.7062 1
1.7064 1
1.7066 1
1.7068 1
1.707 1
1.7072 1
1.7074 1
1.7076 1
1.7078 1
1.708 1
1.7082 1
1.7084 1
1.7086 1
1.7088 1
1.709 1
1.7092 1
1.7094 1
1.7096 1
1.7098 1
1.71 1
1.7102 1
1.7104 1
1.7106 1
1.7108 1
1.711 1
1.7112 1
1.7114 1
1.7116 1
1.7118 1
1.712 1
1.7122 1
1.7124 1
1.7126 1
1.7128 1
1.713 1
1.7132 1
1.7134 1
1.7136 1
1.7138 1
1.714 1
1.7142 1
1.7144 1
1.7146 1
1.7148 1
1.715 1
1.7152 1
1.7154 1
1.7156 1
1.7158 1
1.716 1
1.7162 1
1.7164 1
1.7166 1
1.7168 1
1.717 1
1.7172 1
1.7174 1
1.7176 1
1.7178 1
1.718 1
1.7182 1
1.7184 1
1.7186 1
1.7188 1
1.719 1
1.7192 1
1.7194 1
1.7196 1
1.7198 1
1.72 1
1.7202 1
1.7204 1
1.7206 1
1.7208 1
1.721 1
1.7212 1
1.7214 1
1.7216 1
1.7218 1
1.722 1
1.7222 1
1.7224 1
1.7226 1
1.7228 1
1.723 1
1.7232 1
1.7234 1
1.7236 1
1.7238 1
1.724 1
1.7242 1
1.7244 1
1.7246 1
1.7248 1
1.725 1
1.7252 1
1.7254 1
1.7256 1
1.7258 1
1.726 1
1.7262 1
1.7264 1
1.7266 1
1.7268 1
1.727 1
1.7272 1
1.7274 1
1.7276 1
1.7278 1
1.728 1
1.7282 1
1.7284 1
1.7286 1
1.7288 1
1.729 1
1.7292 1
1.7294 1
1.7296 1
1.7298 1
1.73 1
1.7302 1
1.7304 1
1.7306 1
1.7308 1
1.731 1
1.7312 1
1.7314 1
1.7316 1
1.7318 1
1.732 1
1.7322 1
1.7324 1
1.7326 1
1.7328 1
1.733 1
1.7332 1
1.7334 1
1.7336 1
1.7338 1
1.734 1
1.7342 1
1.7344 1
1.7346 1
1.7348 1
1.735 1
1.7352 1
1.7354 1
1.7356 1
1.7358 1
1.736 1
1.7362 1
1.7364 1
1.7366 1
1.7368 1
1.737 1
1.7372 1
1.7374 1
1.7376 1
1.7378 1
1.738 1
1.7382 1
1.7384 1
1.7386 1
1.7388 1
1.739 1
1.7392 1
1.7394 1
1.7396 1
1.7398 1
1.74 1
1.7402 1
1.7404 1
1.7406 1
1.7408 1
1.741 1
1.7412 1
1.7414 1
1.7416 1
1.7418 1
1.742 1
1.7422 1
1.7424 1
1.7426 1
1.7428 1
1.743 1
1.7432 1
1.7434 1
1.7436 1
1.7438 1
1.744 1
1.7442 1
1.7444 1
1.7446 1
1.7448 1
1.745 1
1.7452 1
1.7454 1
1.7456 1
1.7458 1
1.746 1
1.7462 1
1.7464 1
1.7466 1
1.7468 1
1.747 1
1.7472 1
1.7474 1
1.7476 1
1.7478 1
1.748 1
1.7482 1
1.7484 1
1.7486 1
1.7488 1
1.749 1
1.7492 1
1.7494 1
1.7496 1
1.7498 1
1.75 1
1.7502 1
1.7504 1
1.7506 1
1.7508 1
1.751 1
1.7512 1
1.7514 1
1.7516 1
1.7518 1
1.752 1
1.7522 1
1.7524 1
1.7526 1
1.7528 1
1.753 1
1.7532 1
1.7534 1
1.7536 1
1.7538 1
1.754 1
1.7542 1
1.7544 1
1.7546 1
1.7548 1
1.755 1
1.7552 1
1.7554 1
1.7556 1
1.7558 1
1.756 1
1.7562 1
1.7564 1
1.7566 1
1.7568 1
1.757 1
1.7572 1
1.7574 1
1.7576 1
1.7578 1
1.758 1
1.7582 1
1.7584 1
1.7586 1
1.7588 1
1.759 1
1.7592 1
1.7594 1
1.7596 1
1.7598 1
1.76 1
1.7602 1
1.7604 1
1.7606 1
1.7608 1
1.761 1
1.7612 1
1.7614 1
1.7616 1
1.7618 1
1.762 1
1.7622 1
1.7624 1
1.7626 1
1.7628 1
1.763 1
1.7632 1
1.7634 1
1.7636 1
1.7638 1
1.764 1
1.7642 1
1.7644 1
1.7646 1
1.7648 1
1.765 1
1.7652 1
1.7654 1
1.7656 1
1.7658 1
1.766 1
1.7662 1
1.7664 1
1.7666 1
1.7668 1
1.767 1
1.7672 1
1.7674 1
1.7676 1
1.7678 1
1.768 1
1.7682 1
1.7684 1
1.7686 1
1.7688 1
1.769 1
1.7692 1
1.7694 1
1.7696 1
1.7698 1
1.77 1
1.7702 1
1.7704 1
1.7706 1
1.7708 1
1.771 1
1.7712 1
1.7714 1
1.7716 1
1.7718 1
1.772 1
1.7722 1
1.7724 1
1.7726 1
1.7728 1
1.773 1
1.7732 1
1.7734 1
1.7736 1
1.7738 1
1.774 1
1.7742 1
1.7744 1
1.7746 1
1.7748 1
1.775 1
1.7752 1
1.7754 1
1.7756 1
1.7758 1
1.776 1
1.7762 1
1.7764 1
1.7766 1
1.7768 1
1.777 1
1.7772 1
1.7774 1
1.7776 1
1.7778 1
1.778 1
1.7782 1
1.7784 1
1.7786 1
1.7788 1
1.779 1
1.7792 1
1.7794 1
1.7796 1
1.7798 1
1.78 1
1.7802 1
1.7804 1
1.7806 1
1.7808 1
1.781 1
1.7812 1
1.7814 1
1.7816 1
1.7818 1
1.782 1
1.7822 1
1.7824 1
1.7826 1
1.7828 1
1.783 1
1.7832 1
1.7834 1
1.7836 1
1.7838 1
1.784 1
1.7842 1
1.7844 1
1.7846 1
1.7848 1
1.785 1
1.7852 1
1.7854 1
1.7856 1
1.7858 1
1.786 1
1.7862 1
1.7864 1
1.7866 1
1.7868 1
1.787 1
1.7872 1
1.7874 1
1.7876 1
1.7878 1
1.788 1
1.7882 1
1.7884 1
1.7886 1
1.7888 1
1.789 1
1.7892 1
1.7894 1
1.7896 1
1.7898 1
1.79 1
1.7902 1
1.7904 1
1.7906 1
1.7908 1
1.791 1
1.7912 1
1.7914 1
1.7916 1
1.7918 1
1.792 1
1.7922 1
1.7924 1
1.7926 1
1.7928 1
1.793 1
1.7932 1
1.7934 1
1.7936 1
1.7938 1
1.794 1
1.7942 1
1.7944 1
1.7946 1
1.7948 1
1.795 1
1.7952 1
1.7954 1
1.7956 1
1.7958 1
1.796 1
1.7962 1
1.7964 1
1.7966 1
1.7968 1
1.797 1
1.7972 1
1.7974 1
1.7976 1
1.7978 1
1.798 1
1.7982 1
1.7984 1
1.7986 1
1.7988 1
1.799 1
1.7992 1
1.7994 1
1.7996 1
1.7998 1
1.8 1
1.8002 1
1.8004 1
1.8006 1
1.8008 1
1.801 1
1.8012 1
1.8014 1
1.8016 1
1.8018 1
1.802 1
1.8022 1
1.8024 1
1.8026 1
1.8028 1
1.803 1
1.8032 1
1.8034 1
1.8036 1
1.8038 1
1.804 1
1.8042 1
1.8044 1
1.8046 1
1.8048 1
1.805 1
1.8052 1
1.8054 1
1.8056 1
1.8058 1
1.806 1
1.8062 1
1.8064 1
1.8066 1
1.8068 1
1.807 1
1.8072 1
1.8074 1
1.8076 1
1.8078 1
1.808 1
1.8082 1
1.8084 1
1.8086 1
1.8088 1
1.809 1
1.8092 1
1.8094 1
1.8096 1
1.8098 1
1.81 1
1.8102 1
1.8104 1
1.8106 1
1.8108 1
1.811 1
1.8112 1
1.8114 1
1.8116 1
1.8118 1
1.812 1
1.8122 1
1.8124 1
1.8126 1
1.8128 1
1.813 1
1.8132 1
1.8134 1
1.8136 1
1.8138 1
1.814 1
1.8142 1
1.8144 1
1.8146 1
1.8148 1
1.815 1
1.8152 1
1.8154 1
1.8156 1
1.8158 1
1.816 1
1.8162 1
1.8164 1
1.8166 1
1.8168 1
1.817 1
1.8172 1
1.8174 1
1.8176 1
1.8178 1
1.818 1
1.8182 1
1.8184 1
1.8186 1
1.8188 1
1.819 1
1.8192 1
1.8194 1
1.8196 1
1.8198 1
1.82 1
1.8202 1
1.8204 1
1.8206 1
1.8208 1
1.821 1
1.8212 1
1.8214 1
1.8216 1
1.8218 1
1.822 1
1.8222 1
1.8224 1
1.8226 1
1.8228 1
1.823 1
1.8232 1
1.8234 1
1.8236 1
1.8238 1
1.824 1
1.8242 1
1.8244 1
1.8246 1
1.8248 1
1.825 1
1.8252 1
1.8254 1
1.8256 1
1.8258 1
1.826 1
1.8262 1
1.8264 1
1.8266 1
1.8268 1
1.827 1
1.8272 1
1.8274 1
1.8276 1
1.8278 1
1.828 1
1.8282 1
1.8284 1
1.8286 1
1.8288 1
1.829 1
1.8292 1
1.8294 1
1.8296 1
1.8298 1
1.83 1
1.8302 1
1.8304 1
1.8306 1
1.8308 1
1.831 1
1.8312 1
1.8314 1
1.8316 1
1.8318 1
1.832 1
1.8322 1
1.8324 1
1.8326 1
1.8328 1
1.833 1
1.8332 1
1.8334 1
1.8336 1
1.8338 1
1.834 1
1.8342 1
1.8344 1
1.8346 1
1.8348 1
1.835 1
1.8352 1
1.8354 1
1.8356 1
1.8358 1
1.836 1
1.8362 1
1.8364 1
1.8366 1
1.8368 1
1.837 1
1.8372 1
1.8374 1
1.8376 1
1.8378 1
1.838 1
1.8382 1
1.8384 1
1.8386 1
1.8388 1
1.839 1
1.8392 1
1.8394 1
1.8396 1
1.8398 1
1.84 1
1.8402 1
1.8404 1
1.8406 1
1.8408 1
1.841 1
1.8412 1
1.8414 1
1.8416 1
1.8418 1
1.842 1
1.8422 1
1.8424 1
1.8426 1
1.8428 1
1.843 1
1.8432 1
1.8434 1
1.8436 1
1.8438 1
1.844 1
1.8442 1
1.8444 1
1.8446 1
1.8448 1
1.845 1
1.8452 1
1.8454 1
1.8456 1
1.8458 1
1.846 1
1.8462 1
1.8464 1
1.8466 1
1.8468 1
1.847 1
1.8472 1
1.8474 1
1.8476 1
1.8478 1
1.848 1
1.8482 1
1.8484 1
1.8486 1
1.8488 1
1.849 1
1.8492 1
1.8494 1
1.8496 1
1.8498 1
1.85 1
1.8502 1
1.8504 1
1.8506 1
1.8508 1
1.851 1
1.8512 1
1.8514 1
1.8516 1
1.8518 1
1.852 1
1.8522 1
1.8524 1
1.8526 1
1.8528 1
1.853 1
1.8532 1
1.8534 1
1.8536 1
1.8538 1
1.854 1
1.8542 1
1.8544 1
1.8546 1
1.8548 1
1.855 1
1.8552 1
1.8554 1
1.8556 1
1.8558 1
1.856 1
1.8562 1
1.8564 1
1.8566 1
1.8568 1
1.857 1
1.8572 1
1.8574 1
1.8576 1
1.8578 1
1.858 1
1.8582 1
1.8584 1
1.8586 1
1.8588 1
1.859 1
1.8592 1
1.8594 1
1.8596 1
1.8598 1
1.86 1
1.8602 1
1.8604 1
1.8606 1
1.8608 1
1.861 1
1.8612 1
1.8614 1
1.8616 1
1.8618 1
1.862 1
1.8622 1
1.8624 1
1.8626 1
1.8628 1
1.863 1
1.8632 1
1.8634 1
1.8636 1
1.8638 1
1.864 1
1.8642 1
1.8644 1
1.8646 1
1.8648 1
1.865 1
1.8652 1
1.8654 1
1.8656 1
1.8658 1
1.866 1
1.8662 1
1.8664 1
1.8666 1
1.8668 1
1.867 1
1.8672 1
1.8674 1
1.8676 1
1.8678 1
1.868 1
1.8682 1
1.8684 1
1.8686 1
1.8688 1
1.869 1
1.8692 1
1.8694 1
1.8696 1
1.8698 1
1.87 1
1.8702 1
1.8704 1
1.8706 1
1.8708 1
1.871 1
1.8712 1
1.8714 1
1.8716 1
1.8718 1
1.872 1
1.8722 1
1.8724 1
1.8726 1
1.8728 1
1.873 1
1.8732 1
1.8734 1
1.8736 1
1.8738 1
1.874 1
1.8742 1
1.8744 1
1.8746 1
1.8748 1
1.875 1
1.8752 1
1.8754 1
1.8756 1
1.8758 1
1.876 1
1.8762 1
1.8764 1
1.8766 1
1.8768 1
1.877 1
1.8772 1
1.8774 1
1.8776 1
1.8778 1
1.878 1
1.8782 1
1.8784 1
1.8786 1
1.8788 1
1.879 1
1.8792 1
1.8794 1
1.8796 1
1.8798 1
1.88 1
1.8802 1
1.8804 1
1.8806 1
1.8808 1
1.881 1
1.8812 1
1.8814 1
1.8816 1
1.8818 1
1.882 1
1.8822 1
1.8824 1
1.8826 1
1.8828 1
1.883 1
1.8832 1
1.8834 1
1.8836 1
1.8838 1
1.884 1
1.8842 1
1.8844 1
1.8846 1
1.8848 1
1.885 1
1.8852 1
1.8854 1
1.8856 1
1.8858 1
1.886 1
1.8862 1
1.8864 1
1.8866 1
1.8868 1
1.887 1
1.8872 1
1.8874 1
1.8876 1
1.8878 1
1.888 1
1.8882 1
1.8884 1
1.8886 1
1.8888 1
1.889 1
1.8892 1
1.8894 1
1.8896 1
1.8898 1
1.89 1
1.8902 1
1.8904 1
1.8906 1
1.8908 1
1.891 1
1.8912 1
1.8914 1
1.8916 1
1.8918 1
1.892 1
1.8922 1
1.8924 1
1.8926 1
1.8928 1
1.893 1
1.8932 1
1.8934 1
1.8936 1
1.8938 1
1.894 1
1.8942 1
1.8944 1
1.8946 1
1.8948 1
1.895 1
1.8952 1
1.8954 1
1.8956 1
1.8958 1
1.896 1
1.8962 1
1.8964 1
1.8966 1
1.8968 1
1.897 1
1.8972 1
1.8974 1
1.8976 1
1.8978 1
1.898 1
1.8982 1
1.8984 1
1.8986 1
1.8988 1
1.899 1
1.8992 1
1.8994 1
1.8996 1
1.8998 1
1.9 1
1.9002 1
1.9004 1
1.9006 1
1.9008 1
1.901 1
1.9012 1
1.9014 1
1.9016 1
1.9018 1
1.902 1
1.9022 1
1.9024 1
1.9026 1
1.9028 1
1.903 1
1.9032 1
1.9034 1
1.9036 1
1.9038 1
1.904 1
1.9042 1
1.9044 1
1.9046 1
1.9048 1
1.905 1
1.9052 1
1.9054 1
1.9056 1
1.9058 1
1.906 1
1.9062 1
1.9064 1
1.9066 1
1.9068 1
1.907 1
1.9072 1
1.9074 1
1.9076 1
1.9078 1
1.908 1
1.9082 1
1.9084 1
1.9086 1
1.9088 1
1.909 1
1.9092 1
1.9094 1
1.9096 1
1.9098 1
1.91 1
1.9102 1
1.9104 1
1.9106 1
1.9108 1
1.911 1
1.9112 1
1.9114 1
1.9116 1
1.9118 1
1.912 1
1.9122 1
1.9124 1
1.9126 1
1.9128 1
1.913 1
1.9132 1
1.9134 1
1.9136 1
1.9138 1
1.914 1
1.9142 1
1.9144 1
1.9146 1
1.9148 1
1.915 1
1.9152 1
1.9154 1
1.9156 1
1.9158 1
1.916 1
1.9162 1
1.9164 1
1.9166 1
1.9168 1
1.917 1
1.9172 1
1.9174 1
1.9176 1
1.9178 1
1.918 1
1.9182 1
1.9184 1
1.9186 1
1.9188 1
1.919 1
1.9192 1
1.9194 1
1.9196 1
1.9198 1
1.92 1
1.9202 1
1.9204 1
1.9206 1
1.9208 1
1.921 1
1.9212 1
1.9214 1
1.9216 1
1.9218 1
1.922 1
1.9222 1
1.9224 1
1.9226 1
1.9228 1
1.923 1
1.9232 1
1.9234 1
1.9236 1
1.9238 1
1.924 1
1.9242 1
1.9244 1
1.9246 1
1.9248 1
1.925 1
1.9252 1
1.9254 1
1.9256 1
1.9258 1
1.926 1
1.9262 1
1.9264 1
1.9266 1
1.9268 1
1.927 1
1.9272 1
1.9274 1
1.9276 1
1.9278 1
1.928 1
1.9282 1
1.9284 1
1.9286 1
1.9288 1
1.929 1
1.9292 1
1.9294 1
1.9296 1
1.9298 1
1.93 1
1.9302 1
1.9304 1
1.9306 1
1.9308 1
1.931 1
1.9312 1
1.9314 1
1.9316 1
1.9318 1
1.932 1
1.9322 1
1.9324 1
1.9326 1
1.9328 1
1.933 1
1.9332 1
1.9334 1
1.9336 1
1.9338 1
1.934 1
1.9342 1
1.9344 1
1.9346 1
1.9348 1
1.935 1
1.9352 1
1.9354 1
1.9356 1
1.9358 1
1.936 1
1.9362 1
1.9364 1
1.9366 1
1.9368 1
1.937 1
1.9372 1
1.9374 1
1.9376 1
1.9378 1
1.938 1
1.9382 1
1.9384 1
1.9386 1
1.9388 1
1.939 1
1.9392 1
1.9394 1
1.9396 1
1.9398 1
1.94 1
1.9402 1
1.9404 1
1.9406 1
1.9408 1
1.941 1
1.9412 1
1.9414 1
1.9416 1
1.9418 1
1.942 1
1.9422 1
1.9424 1
1.9426 1
1.9428 1
1.943 1
1.9432 1
1.9434 1
1.9436 1
1.9438 1
1.944 1
1.9442 1
1.9444 1
1.9446 1
1.9448 1
1.945 1
1.9452 1
1.9454 1
1.9456 1
1.9458 1
1.946 1
1.9462 1
1.9464 1
1.9466 1
1.9468 1
1.947 1
1.9472 1
1.9474 1
1.9476 1
1.9478 1
1.948 1
1.9482 1
1.9484 1
1.9486 1
1.9488 1
1.949 1
1.9492 1
1.9494 1
1.9496 1
1.9498 1
1.95 1
1.9502 1
1.9504 1
1.9506 1
1.9508 1
1.951 1
1.9512 1
1.9514 1
1.9516 1
1.9518 1
1.952 1
1.9522 1
1.9524 1
1.9526 1
1.9528 1
1.953 1
1.9532 1
1.9534 1
1.9536 1
1.9538 1
1.954 1
1.9542 1
1.9544 1
1.9546 1
1.9548 1
1.955 1
1.9552 1
1.9554 1
1.9556 1
1.9558 1
1.956 1
1.9562 1
1.9564 1
1.9566 1
1.9568 1
1.957 1
1.9572 1
1.9574 1
1.9576 1
1.9578 1
1.958 1
1.9582 1
1.9584 1
1.9586 1
1.9588 1
1.959 1
1.9592 1
1.9594 1
1.9596 1
1.9598 1
1.96 1
1.9602 1
1.9604 1
1.9606 1
1.9608 1
1.961 1
1.9612 1
1.9614 1
1.9616 1
1.9618 1
1.962 1
1.9622 1
1.9624 1
1.9626 1
1.9628 1
1.963 1
1.9632 1
1.9634 1
1.9636 1
1.9638 1
1.964 1
1.9642 1
1.9644 1
1.9646 1
1.9648 1
1.965 1
1.9652 1
1.9654 1
1.9656 1
1.9658 1
1.966 1
1.9662 1
1.9664 1
1.9666 1
1.9668 1
1.967 1
1.9672 1
1.9674 1
1.9676 1
1.9678 1
1.968 1
1.9682 1
1.9684 1
1.9686 1
1.9688 1
1.969 1
1.9692 1
1.9694 1
1.9696 1
1.9698 1
1.97 1
1.9702 1
1.9704 1
1.9706 1
1.9708 1
1.971 1
1.9712 1
1.9714 1
1.9716 1
1.9718 1
1.972 1
1.9722 1
1.9724 1
1.9726 1
1.9728 1
1.973 1
1.9732 1
1.9734 1
1.9736 1
1.9738 1
1.974 1
1.9742 1
1.9744 1
1.9746 1
1.9748 1
1.975 1
1.9752 1
1.9754 1
1.9756 1
1.9758 1
1.976 1
1.9762 1
1.9764 1
1.9766 1
1.9768 1
1.977 1
1.9772 1
1.9774 1
1.9776 1
1.9778 1
1.978 1
1.9782 1
1.9784 1
1.9786 1
1.9788 1
1.979 1
1.9792 1
1.9794 1
1.9796 1
1.9798 1
1.98 1
1.9802 1
1.9804 1
1.9806 1
1.9808 1
1.981 1
1.9812 1
1.9814 1
1.9816 1
1.9818 1
1.982 1
1.9822 1
1.9824 1
1.9826 1
1.9828 1
1.983 1
1.9832 1
1.9834 1
1.9836 1
1.9838 1
1.984 1
1.9842 1
1.9844 1
1.9846 1
1.9848 1
1.985 1
1.9852 1
1.9854 1
1.9856 1
1.9858 1
1.986 1
1.9862 1
1.9864 1
1.9866 1
1.9868 1
1.987 1
1.9872 1
1.9874 1
1.9876 1
1.9878 1
1.988 1
1.9882 1
1.9884 1
1.9886 1
1.9888 1
1.989 1
1.9892 1
1.9894 1
1.9896 1
1.9898 1
1.99 1
1.9902 1
1.9904 1
1.9906 1
1.9908 1
1.991 1
1.9912 1
1.9914 1
1.9916 1
1.9918 1
1.992 1
1.9922 1
1.9924 1
1.9926 1
1.9928 1
1.993 1
1.9932 1
1.9934 1
1.9936 1
1.9938 1
1.994 1
1.9942 1
1.9944 1
1.9946 1
1.9948 1
1.995 1
1.9952 1
1.9954 1
1.9956 1
1.9958 1
1.996 1
1.9962 1
1.9964 1
1.9966 1
1.9968 1
1.997 1
1.9972 1
1.9974 1
1.9976 1
1.9978 1
1.998 1
1.9982 1
1.9984 1
1.9986 1
1.9988 1
1.999 1
1.9992 1
1.9994 1
1.9996 1
1.9998 1
2 1
